1080 58.413573 0.010000 0
1080 60.524268 0.010000 0
1080 57.377123 0.010000 0
1080 63.380326 0.010000 0
1080 59.048767 0.010000 0
1080 61.034007 0.010000 0
1080 58.998931 0.010000 0
1080 58.918526 0.010000 0
1080 60.844303 0.010000 0
1080 60.252687 0.010000 0
1080 59.937167 0.010000 0
1080 60.951318 0.012000 0
1080 59.312209 0.012000 0
1080 60.875136 0.010000 0
1080 59.878937 0.010000 0
1080 59.035005 0.010000 0
1080 61.029101 0.011000 0
1080 57.077281 0.011000 0
1080 59.863867 0.016000 0
1080 62.276318 0.016000 0
1080 59.816017 0.016000 0
1080 60.178960 0.011000 0
1080 60.100490 0.011000 0
1080 57.402335 0.009000 0
1080 60.617935 0.009000 0
1080 61.004567 0.009000 0
1080 57.710930 0.010000 0
1080 63.378369 0.010000 0
1080 58.913504 0.009000 0
1080 60.886076 0.009000 0
1080 61.024108 0.009000 0
1080 59.072547 0.010000 0
1080 56.265355 0.010000 0
1080 64.606291 0.010000 0
1080 59.058533 0.010000 0
1080 60.189368 0.010000 0
1080 60.099758 0.010000 0
1080 59.659833 0.010000 0
1080 60.110840 0.010000 0
1080 60.055972 0.010000 0
1080 59.820506 0.010000 0
1080 60.360597 0.010000 0
1080 59.813556 0.010000 0
1080 60.090860 0.010000 0
1080 59.952691 0.010000 0
1080 59.155339 0.010000 0
1080 61.023133 0.010000 0
1080 59.669423 0.010000 0
1080 60.718924 0.010000 0
1080 60.170111 0.010000 0
1080 60.029769 0.010000 0
1080 58.924825 0.010000 0
1080 61.056044 0.010000 0
1080 58.884878 0.010000 0
1080 60.030199 0.010000 0
1080 61.122659 0.010000 0
1080 58.815028 0.010000 0
1080 60.156361 0.010000 0
1080 55.988694 0.009000 0
1080 63.986682 0.009000 0
1080 60.921348 0.009000 0
1080 59.990875 0.010000 0
1080 58.999480 0.010000 0
1080 60.055011 0.010000 0
1080 56.827808 0.010000 0
1080 62.276080 0.010000 0
1080 60.899438 0.010000 0
1080 59.041160 0.010000 0
1080 60.997804 0.010000 0
1080 59.882385 0.010000 0
1080 59.936838 0.010000 0
1080 59.901571 0.010000 0
1080 60.264085 0.010000 0
1080 59.997654 0.010000 0
1080 60.001802 0.010000 0
1080 60.057648 0.010000 0
1080 60.858211 0.010000 0
1080 56.232778 0.010000 0
1080 62.980788 0.011000 0
1080 60.576927 0.011000 0
1080 60.166054 0.011000 0
1080 59.097644 0.009000 0
1080 60.789239 0.009000 0
1080 57.613288 0.010000 0
1080 61.521161 0.010000 0
1080 57.009569 0.010000 0
1080 63.315177 0.012000 0
1080 57.625666 0.012000 0
1080 62.349722 0.010000 0
1080 59.796629 0.010000 0
1080 60.367823 0.010000 0
1080 57.927713 0.014000 0
1080 60.657471 0.014000 0
1080 60.067869 0.012000 0
1080 61.374512 0.012000 0
1080 59.304824 0.012000 0
1080 59.411228 0.010000 0
1080 60.967992 0.010000 0
1080 60.294421 0.011000 0
1080 59.830677 0.011000 0
1080 59.912823 0.011000 0
1080 59.147703 0.014000 0
1080 60.679193 0.014000 0
1080 60.987670 0.012000 0
1080 59.974105 0.012000 0
1080 59.005121 0.012000 0
1080 59.914149 0.012000 0
1080 60.106978 0.012000 0
1080 57.828939 0.010000 0
1080 62.101481 0.010000 0
1080 59.916246 0.010000 0
1080 60.126810 0.012000 0
1080 60.890452 0.012000 0
1080 59.938323 0.010000 0
1080 60.084533 0.010000 0
1080 58.966976 0.010000 0
1080 20.033884 0.010000 904
1080 9.986807 0.027000 774
1080 38.010748 0.027000 595
1080 31.611624 0.012000 567
1080 24.786061 0.012000 737
720 40.902724 0.012000 147
720 60.791898 0.016000 0
720 59.950453 0.016000 0
720 61.390571 0.012000 0
720 60.042157 0.012000 0
720 59.947903 0.012000 0
720 60.057060 0.013000 0
720 59.926176 0.013000 0
720 60.032275 0.010000 0
720 60.086241 0.010000 0
1080 31.969885 0.010000 553
1080 20.015414 0.027000 922
1080 20.973652 0.027000 777
1080 24.024263 0.019000 1017
1080 10.105697 0.019000 743
1080 20.261883 0.019000 360
1080 16.160277 0.027000 805
1080 19.940596 0.027000 672
1080 12.132844 0.029000 879
1080 24.992066 0.029000 745
720 30.997029 0.029000 388
720 59.931799 0.014000 0
720 60.470128 0.014000 0
720 59.917088 0.010000 0
720 58.656358 0.010000 0
720 60.138449 0.010000 0
720 60.604281 0.010000 0
720 60.064499 0.010000 0
720 59.911026 0.011000 0
720 61.282028 0.011000 0
1080 56.603105 0.011000 23
1080 40.011323 0.020000 180
1080 61.006283 0.020000 0
1080 57.910752 0.010000 0
1080 62.892422 0.010000 0
1080 58.007037 0.010000 28
1080 34.356623 0.029000 236
1080 29.877935 0.029000 271
1080 64.238521 0.018000 0
1080 59.380304 0.018000 0
1080 59.999399 0.018000 0
1080 60.122645 0.010000 0
1080 60.888945 0.010000 0
1080 59.716278 0.010000 0
1080 31.866828 0.010000 230
1080 58.952184 0.010000 0
1080 33.053288 0.010000 231
1080 57.867428 0.010000 0
1080 62.037584 0.010000 0
1080 56.102004 0.010000 44
1080 24.985078 0.010000 410
1080 47.938064 0.010000 197
1080 33.049350 0.010000 350
1080 19.991421 0.010000 601
1080 20.962182 0.025000 252
1080 30.075851 0.025000 298
720 33.021501 0.025000 306
720 58.917572 0.010000 0
720 61.059352 0.010000 0
720 59.997296 0.010000 0
720 59.575403 0.010000 0
720 60.303220 0.010000 0
720 58.839137 0.012000 0
720 61.226950 0.012000 0
720 59.581736 0.011000 0
720 60.794488 0.011000 0
1080 39.035720 0.011000 157
1080 50.298333 0.010000 0
1080 61.622257 0.010000 0
1080 59.123432 0.012000 0
1080 54.291774 0.012000 67
1080 16.970759 0.012000 327
1080 57.901034 0.011000 0
1080 59.906134 0.011000 0
1080 52.204184 0.013000 74
1080 36.248797 0.013000 269
1080 36.513287 0.013000 118
1080 35.914382 0.012000 132
1080 32.208124 0.012000 147
1080 41.099743 0.023000 229
1080 51.055958 0.023000 102
720 38.613406 0.023000 280
720 59.613945 0.011000 0
720 60.167737 0.011000 0
720 59.880604 0.011000 0
720 59.603046 0.011000 0
720 59.352900 0.011000 0
720 60.988905 0.012000 0
720 60.295553 0.012000 0
720 58.814511 0.010000 0
720 61.290634 0.010000 0
1080 58.807536 0.010000 0
1080 60.019433 0.017000 0
1080 60.161898 0.017000 5
1080 57.456355 0.019000 0
1080 63.264428 0.019000 0
1080 58.093602 0.019000 8
1080 47.131325 0.029000 217
1080 60.172024 0.029000 0
1080 59.968485 0.010000 0
1080 59.082885 0.010000 0
1080 61.441253 0.010000 0
1080 58.619504 0.010000 0
1080 60.109950 0.010000 0
1080 60.648714 0.011000 0
1080 60.406831 0.011000 0
1080 60.075583 0.011000 0
1080 58.932403 0.009000 0
1080 58.050794 0.009000 0
1080 59.819343 0.012000 0
1080 62.545423 0.012000 0
1080 60.509358 0.012000 0
1080 60.403523 0.010000 0
1080 58.939238 0.010000 0
1080 60.662697 0.013000 0
1080 60.410557 0.013000 0
1080 59.679399 0.013000 0
1080 60.249427 0.009000 0
1080 59.905820 0.009000 0
1080 59.809078 0.016000 0
1080 60.072098 0.016000 0
1080 57.981338 0.016000 0
1080 62.042113 0.010000 0
1080 59.992505 0.010000 0
1080 58.997946 0.010000 0
1080 61.025797 0.010000 0
1080 57.462449 0.010000 0
1080 60.457782 0.011000 7
720 47.924556 0.011000 76
720 59.004121 0.011000 0
720 61.199814 0.011000 0
720 60.317268 0.011000 0
720 60.928051 0.014000 0
720 58.494365 0.014000 0
720 61.032784 0.009000 0
720 59.337341 0.009000 0
720 59.765898 0.009000 0
720 61.605163 0.010000 0
720 58.455719 0.010000 0
720 60.389996 0.011000 0
720 59.923237 0.011000 0
720 59.888798 0.011000 0
720 61.295686 0.011000 0
720 58.574632 0.011000 0
720 60.445977 0.012000 0
720 59.978107 0.012000 0
720 60.042529 0.012000 0
720 60.296831 0.010000 0
720 60.411233 0.010000 0
720 59.333630 0.011000 0
720 59.885136 0.011000 0
720 59.327417 0.011000 0
720 60.648022 0.011000 0
720 60.104472 0.011000 0
720 60.752373 0.010000 0
720 60.174255 0.010000 0
720 59.167817 0.010000 0
720 61.064059 0.010000 0
720 58.960316 0.010000 0
720 59.968688 0.025000 3
720 58.808585 0.025000 3
720 60.864885 0.025000 7
720 60.222566 0.025000 4
1080 59.790805 0.025000 0
1080 60.884496 0.010000 0
1080 58.970826 0.010000 0
1080 58.765976 0.010000 0
1080 61.978130 0.013000 0
1080 59.964259 0.013000 0
1080 59.927375 0.010000 0
1080 60.655072 0.010000 0
1080 59.157191 0.010000 0
1080 59.553650 0.010000 0
1080 60.588723 0.010000 0
1080 59.715567 0.011000 0
1080 59.993706 0.011000 0
1080 58.962564 0.011000 0
1080 59.901100 0.013000 0
1080 54.055353 0.013000 62
1080 61.879466 0.024000 134
1080 49.479540 0.024000 122
1080 63.720615 0.024000 115
720 59.210834 0.010000 38
720 59.960915 0.010000 0
720 60.976637 0.010000 0
720 58.980299 0.010000 0
720 60.283315 0.010000 0
720 60.706013 0.010000 0
720 59.399419 0.010000 0
720 59.466623 0.010000 0
720 60.039847 0.011000 0
720 60.985852 0.011000 0
720 59.974262 0.009000 0
720 59.944433 0.009000 0
720 59.877071 0.011000 0
720 59.994493 0.011000 0
720 59.988958 0.011000 0
720 59.795830 0.010000 0
720 59.670315 0.010000 0
720 59.974876 0.011000 0
720 60.038291 0.011000 0
720 60.253948 0.011000 0
720 60.758418 0.010000 0
720 58.943057 0.010000 0
720 59.201637 0.014000 0
720 62.010458 0.014000 0
720 60.560375 0.014000 0
720 59.620936 0.010000 0
720 60.539119 0.010000 0
720 59.763514 0.010000 0
720 59.861233 0.009000 0
720 58.757925 0.009000 0
720 59.141843 0.011000 0
720 60.861613 0.011000 68
720 59.085311 0.011000 67
720 60.046298 0.011000 46
720 55.138625 0.028000 60
1080 59.793646 0.028000 23
1080 61.551754 0.012000 0
1080 59.933526 0.012000 0
1080 59.168276 0.012000 0
1080 60.478632 0.012000 0
1080 60.016785 0.012000 0
1080 59.933184 0.012000 0
1080 59.656566 0.012000 0
1080 60.405250 0.011000 0
1080 58.965037 0.011000 0
1080 60.371229 0.011000 0
1080 60.527128 0.009000 0
1080 60.143810 0.009000 0
1080 60.334147 0.009000 0
1080 60.186833 0.013000 0
1080 46.860713 0.013000 77
720 57.792994 0.023000 53
720 60.254956 0.023000 0
720 59.659875 0.023000 0
720 61.013543 0.009000 0
720 58.455977 0.009000 0
720 60.708896 0.010000 0
720 60.561130 0.010000 0
720 59.842109 0.010000 0
720 59.207086 0.011000 0
720 61.037851 0.011000 0
720 59.900088 0.009000 0
720 59.086976 0.009000 0
720 58.936754 0.009000 0
720 60.813180 0.013000 0
720 61.054800 0.013000 0
720 59.573387 0.011000 0
720 59.519325 0.011000 0
720 60.138981 0.011000 0
720 60.005279 0.010000 0
720 59.886276 0.010000 0
720 59.950659 0.012000 0
720 60.189139 0.012000 0
720 60.003941 0.012000 0
720 59.784932 0.010000 0
720 60.148007 0.010000 0
720 60.022095 0.009000 0
720 60.118365 0.009000 0
720 59.851509 0.009000 0
720 59.034484 0.010000 0
720 61.037972 0.010000 0
720 59.300240 0.011000 0
720 57.486033 0.011000 84
720 59.130729 0.011000 118
720 57.874385 0.027000 83
720 60.996066 0.027000 80
1080 63.342636 0.025000 84
1080 60.031155 0.025000 0
1080 59.299206 0.025000 0
1080 60.036558 0.010000 0
1080 60.153226 0.010000 0
1080 60.710188 0.011000 0
1080 58.886279 0.011000 0
1080 58.285890 0.011000 0
1080 62.469590 0.010000 0
1080 60.012892 0.010000 0
1080 59.289888 0.010000 0
1080 60.686120 0.010000 0
1080 60.054409 0.010000 0
1080 59.949631 0.013000 0
1080 59.824064 0.013000 0
1080 48.184338 0.012000 39
1080 59.229668 0.012000 94
1080 56.814155 0.012000 54
720 63.030190 0.025000 23
720 60.129109 0.025000 0
720 58.904754 0.011000 0
720 61.126587 0.011000 0
720 59.992133 0.011000 0
720 59.277202 0.010000 0
720 60.292044 0.010000 0
720 58.838256 0.010000 0
720 60.295280 0.010000 0
720 60.148252 0.010000 0
720 59.974105 0.011000 0
720 61.002182 0.011000 0
720 58.893651 0.015000 0
720 61.196430 0.015000 0
720 60.059884 0.015000 0
720 58.824591 0.010000 0
720 61.091033 0.010000 0
720 60.023060 0.011000 0
720 59.916888 0.011000 0
720 59.933112 0.011000 0
720 59.023430 0.009000 0
720 60.022326 0.009000 0
720 61.135061 0.011000 0
720 58.975112 0.011000 0
720 59.949217 0.011000 0
720 59.945461 0.009000 0
720 59.947175 0.009000 0
720 60.143810 0.012000 0
720 60.213177 0.012000 0
720 59.987772 0.012000 0
720 58.736121 0.010000 12
720 57.940196 0.010000 95
720 51.131464 0.029000 55
720 60.941736 0.029000 63
720 56.830706 0.029000 71
720 63.166293 0.023000 17
720 60.941939 0.023000 0
720 60.110898 0.011000 0
720 60.183680 0.011000 0
720 59.973307 0.011000 0
720 59.993106 0.011000 0
720 60.720985 0.011000 0
720 59.799968 0.012000 0
720 60.333826 0.012000 0
720 59.717893 0.012000 0
720 59.529588 0.011000 0
720 60.118422 0.011000 0
720 60.652409 0.010000 0
720 59.244617 0.010000 0
720 60.022997 0.010000 0
720 60.037933 0.010000 0
720 60.355578 0.010000 0
720 59.935168 0.010000 0
720 60.102514 0.010000 0
720 59.849959 0.010000 0
720 59.851566 0.011000 0
720 60.404995 0.011000 0
720 58.961693 0.009000 0
720 60.308785 0.009000 0
720 60.437628 0.009000 0
720 60.400346 0.010000 0
720 60.038735 0.010000 0
720 58.888740 0.011000 0
720 59.893507 0.011000 0
720 60.004828 0.011000 0
720 57.112856 0.010000 31
720 58.744952 0.010000 77
720 62.159982 0.026000 85
720 55.005508 0.026000 31
720 62.643745 0.026000 56
720 63.105098 0.010000 19
720 59.097799 0.010000 0
720 61.014169 0.010000 0
720 59.991175 0.010000 0
720 58.966990 0.010000 0
720 61.040036 0.010000 0
720 60.184458 0.010000 0
720 59.956244 0.010000 0
720 60.048089 0.010000 0
720 60.048176 0.010000 0
720 59.985126 0.011000 0
720 59.981166 0.011000 0
720 59.988479 0.011000 0
720 58.920981 0.011000 0
720 61.076041 0.011000 0
720 58.979357 0.011000 0
720 60.853695 0.011000 0
720 60.615770 0.009000 0
720 59.960287 0.009000 0
720 58.687244 0.009000 0
720 60.097533 0.009000 0
720 60.856933 0.009000 0
720 59.970675 0.010000 0
720 59.942092 0.010000 0
