0.010000 44.494048 
0.010000 44.583333 
0.010000 45.000000 
0.012000 45.098039 
0.012000 44.680851 
0.012000 45.592949 
0.010000 45.395833 
0.010000 45.690359 
0.010000 45.791667 
0.010000 47.092014 
0.010000 46.650327 
0.010000 46.078431 
0.010000 46.208333 
0.011000 46.208333 
0.011000 46.187500 
0.011000 46.130952 
0.010000 47.000000 
0.010000 45.918367 
0.010000 46.604167 
0.010000 47.676282 
0.010000 46.609043 
0.011000 45.192308 
0.011000 47.555272 
0.010000 45.753205 
0.010000 47.151361 
0.010000 45.918367 
0.011000 47.208333 
0.011000 47.395833 
0.010000 46.854575 
0.010000 47.151361 
0.010000 47.187500 
0.010000 46.812500 
0.010000 47.604167 
0.010000 45.791667 
0.010000 47.208333 
0.010000 47.959184 
0.010000 47.720126 
0.010000 48.000000 
0.010000 47.604167 
0.010000 46.395833 
0.010000 46.747449 
0.010000 47.242647 
0.010000 47.151361 
0.010000 47.446895 
0.010000 46.812500 
0.010000 47.791667 
0.010000 47.959184 
0.010000 47.651144 
0.010000 47.187500 
0.010000 46.416667 
0.010000 48.583333 
0.010000 48.208333 
0.010000 48.208333 
0.010000 47.000000 
0.010000 48.363095 
0.010000 48.000000 
0.010000 47.651144 
0.010000 48.187500 
0.010000 47.812500 
0.010000 46.791667 
0.010000 47.208333 
0.010000 47.187500 
0.010000 47.555272 
0.010000 48.039216 
0.010000 48.791667 
0.010000 48.812500 
0.010000 47.395833 
0.010000 49.208333 
0.012000 47.583333 
0.012000 48.788265 
0.012000 49.187500 
0.010000 48.631536 
0.010000 48.000000 
0.010000 47.812500 
0.010000 49.383503 
0.010000 48.223039 
0.010000 48.000000 
0.010000 48.575680 
0.012000 48.631536 
0.012000 48.767007 
0.012000 48.835784 
0.014000 49.000000 
0.014000 49.187500 
0.010000 49.604167 
0.010000 48.171769 
0.010000 49.000000 
0.010000 48.223039 
0.010000 48.416667 
0.010000 49.000000 
0.010000 49.187500 
0.010000 49.000000 
0.011000 48.208333 
0.011000 49.170918 
0.010000 48.000000 
0.010000 48.604167 
0.010000 48.631536 
0.010000 49.000000 
0.010000 48.000000 
0.010000 48.604167 
0.010000 48.979592 
0.010000 49.203431 
0.009000 49.596088 
0.009000 49.223856 
0.010000 50.000000 
0.010000 49.187500 
0.010000 49.416667 
0.010000 49.187500 
0.010000 49.395833 
0.010000 48.416667 
0.010000 48.767007 
0.010000 50.000000 
0.010000 46.395833 
0.010000 39.812500 
0.013000 40.791667 
0.013000 39.604167 
0.013000 40.791667 
0.010000 40.395833 
0.010000 41.208333 
0.010000 38.953993 
0.010000 40.000000 
0.010000 41.000000 
0.010000 41.000000 
0.010000 40.812500 
0.010000 40.791667 
0.010000 39.423077 
0.010000 40.625000 
0.010000 40.604167 
0.010000 41.836735 
0.010000 40.584150 
0.010000 40.184295 
0.010000 40.208333 
0.010000 41.449653 
0.010000 41.546474 
0.010000 41.267730 
0.010000 41.902516 
0.010000 42.274306 
0.010000 39.622642 
0.010000 41.000000 
0.010000 41.645408 
0.010000 42.000000 
0.010000 42.240646 
0.013000 40.816327 
0.013000 41.395833 
0.011000 42.749183 
0.011000 40.208333 
0.011000 42.791667 
0.010000 42.395833 
0.010000 42.208333 
0.010000 42.187500 
0.010000 41.604167 
0.010000 42.000000 
0.010000 43.208333 
0.010000 40.604167 
0.010000 42.000000 
0.010000 42.583333 
0.010000 43.416667 
0.010000 41.583333 
0.010000 42.604167 
0.010000 42.812500 
0.010000 43.187500 
0.010000 42.749183 
0.009000 43.395833 
0.009000 42.395833 
0.009000 42.604167 
0.009000 42.078993 
0.009000 42.604167 
0.010000 42.000000 
0.010000 43.341503 
0.010000 43.000000 
0.010000 43.187500 
0.010000 42.156863 
0.014000 42.416667 
0.014000 42.791667 
0.010000 41.449653 
0.010000 43.469551 
0.010000 43.208333 
0.010000 43.000000 
0.010000 43.583333 
0.009000 42.604167 
0.009000 43.000000 
0.009000 44.604167 
0.010000 42.240646 
0.010000 45.098039 
0.010000 43.812500 
0.010000 43.791667 
0.010000 43.395833 
0.010000 42.812500 
0.010000 44.472789 
0.010000 43.812500 
0.010000 43.137255 
0.010000 45.395833 
0.010000 44.395833 
0.010000 43.395833 
0.015000 43.812500 
0.015000 45.000000 
0.015000 44.000000 
0.011000 44.187500 
0.011000 44.208333 
0.011000 44.791667 
0.011000 44.416667 
0.011000 44.000000 
0.011000 43.187500 
0.011000 45.395833 
0.012000 44.791667 
0.012000 44.604167 
0.012000 43.812500 
0.010000 45.000000 
0.010000 44.791667 
0.010000 44.604167 
0.010000 44.301471 
0.010000 45.416667 
0.010000 45.000000 
0.010000 44.583333 
0.010000 45.110544 
0.010000 46.000000 
0.010000 45.098039 
0.010000 44.395833 
0.010000 45.773237 
0.010000 44.902482 
0.010000 44.689542 
0.010000 45.110544 
0.010000 45.773237 
0.010000 46.395833 
0.010000 45.208333 
0.010000 47.791667 
0.010000 45.604167 
0.010000 46.078431 
0.010000 45.514456 
0.010000 46.395833 
0.010000 45.395833 
0.010000 46.791667 
0.011000 46.000000 
0.011000 45.604167 
0.010000 46.208333 
0.010000 46.604167 
0.010000 47.000000 
0.010000 46.395833 
0.010000 46.395833 
0.010000 46.604167 
0.010000 45.874183 
0.010000 46.938776 
0.010000 45.812500 
0.010000 47.630719 
0.011000 46.747449 
0.011000 45.791667 
0.011000 46.938776 
0.010000 47.263072 
0.010000 47.130102 
0.012000 47.416667 
0.012000 48.000000 
0.012000 47.746599 
0.010000 48.208333 
0.010000 48.395833 
0.010000 47.058824 
0.010000 47.604167 
0.010000 48.187500 
0.009000 46.938776 
0.009000 47.604167 
0.012000 47.495994 
0.012000 47.395833 
0.012000 46.000000 
0.010000 49.000000 
0.010000 48.000000 
0.010000 47.309028 
0.010000 47.583333 
0.010000 48.000000 
0.010000 47.604167 
0.010000 47.315705 
0.010000 47.395833 
0.010000 48.604167 
0.010000 47.791667 
0.010000 49.604167 
0.010000 47.651144 
0.009000 47.959184 
0.009000 48.187500 
0.009000 48.208333 
0.010000 48.791667 
0.010000 49.208333 
0.010000 47.959184 
0.010000 48.575680 
0.010000 47.791667 
0.010000 49.019608 
0.010000 49.808673 
0.009000 48.815359 
0.009000 49.795752 
0.009000 48.575680 
0.009000 49.395833 
0.009000 49.428105 
0.010000 48.187500 
0.010000 47.812500 
0.010000 49.170918 
0.010000 48.604167 
0.010000 48.208333 
0.011000 49.000000 
0.011000 48.583333 
0.011000 49.812500 
0.009000 48.631536 
0.009000 48.583333 
0.012000 48.812500 
0.012000 49.000000 
0.012000 49.395833 
0.010000 49.395833 
0.010000 49.208333 
0.010000 48.395833 
0.010000 49.791667 
0.010000 49.404762 
0.010000 49.203431 
0.010000 49.604167 
0.010000 49.604167 
0.010000 49.787415 
0.010000 49.208333 
0.010000 49.395833 
0.010000 49.407680 
0.013000 49.192177 
0.013000 49.000000 
0.013000 50.000000 
0.011000 50.000000 
0.011000 50.395833 
0.010000 50.000000 
0.010000 49.208333 
0.010000 49.187500 
0.010000 49.407680 
0.010000 40.208333 
0.010000 39.604167 
0.010000 40.791667 
0.010000 40.812500 
0.010000 41.583333 
0.010000 40.812500 
0.010000 40.187500 
0.010000 40.400327 
0.010000 42.000000 
0.010000 40.791667 
0.010000 40.208333 
0.010000 41.220238 
0.010000 42.000000 
0.010000 42.000000 
0.010000 41.604167 
0.010000 40.008503 
0.010000 39.791667 
0.010000 41.000000 
0.010000 40.972222 
0.010000 41.645408 
0.010000 42.604167 
0.010000 41.624150 
0.011000 43.000000 
0.011000 42.079403 
0.010000 40.846631 
0.010000 41.604167 
0.010000 41.145833 
0.010000 42.812500 
0.010000 42.933007 
0.010000 42.604167 
0.010000 42.000000 
0.013000 41.000000 
0.013000 42.000000 
0.013000 41.836735 
0.010000 42.888622 
0.010000 41.688830 
0.010000 42.604167 
0.010000 42.644558 
0.010000 43.022799 
0.010000 42.812500 
0.010000 43.000000 
0.010000 42.187500 
0.010000 42.453231 
0.010000 43.069728 
0.010000 43.187500 
0.010000 43.069728 
0.010000 41.686321 
0.010000 43.604167 
0.010000 43.069728 
0.010000 43.729575 
0.010000 44.281463 
0.011000 43.729575 
0.011000 42.553191 
0.011000 43.395833 
0.010000 43.022799 
0.010000 43.617021 
0.010000 44.117647 
0.011000 43.583333 
0.011000 44.000000 
0.012000 43.416667 
0.012000 43.395833 
0.012000 43.791667 
0.010000 43.812500 
0.010000 42.395833 
0.011000 43.604167 
0.011000 44.187500 
0.011000 42.953431 
0.010000 45.000000 
0.010000 43.791667 
0.009000 44.281463 
0.009000 45.012019 
0.009000 43.664966 
0.009000 43.791667 
0.009000 45.000000 
0.009000 44.709967 
0.009000 44.812500 
0.009000 44.583333 
0.010000 45.000000 
0.010000 43.877551 
0.010000 44.708333 
0.010000 44.791667 
0.010000 45.208333 
0.010000 44.791667 
0.010000 45.833333 
0.009000 45.751634 
0.009000 44.166667 
0.009000 44.642857 
0.010000 45.208333 
0.010000 45.625000 
0.010000 44.934641 
0.010000 45.833333 
0.010000 44.375000 
0.010000 47.083333 
0.010000 46.343537 
0.010000 45.000000 
0.010000 45.416667 
0.010000 46.041667 
0.010000 45.343137 
0.010000 45.416667 
0.010000 46.041667 
0.010000 45.625000 
0.010000 44.791667 
0.010000 45.493197 
0.010000 45.208333 
0.010000 46.250000 
0.010000 46.041667 
0.010000 45.280612 
0.010000 46.364379 
0.010000 45.705782 
0.010000 45.833333 
0.010000 46.041667 
0.010000 46.041667 
0.010000 46.041667 
0.010000 46.458333 
0.010000 45.918367 
0.010000 45.990566 
0.010000 47.291667 
0.010000 45.918367 
0.010000 46.160131 
0.010000 46.458333 
0.010000 47.207447 
0.010000 47.916667 
0.010000 47.169811 
0.010000 46.985816 
0.010000 47.475962 
0.010000 46.772876 
0.010000 47.916667 
0.014000 46.458333 
0.014000 46.250000 
0.013000 47.083333 
0.013000 47.193878 
0.013000 48.958333 
0.010000 46.666667 
0.010000 46.041667 
0.010000 45.416667 
0.010000 47.708333 
0.010000 47.916667 
0.013000 47.083333 
0.013000 47.794118 
0.010000 47.526042 
0.010000 46.666667 
0.010000 46.875000 
0.010000 48.125000 
0.010000 47.998366 
0.010000 48.681973 
0.010000 48.750000 
0.010000 47.291667 
0.010000 48.611111 
0.010000 48.541667 
0.010000 48.125000 
0.010000 48.894558 
0.010000 48.044218 
0.010000 49.019608 
0.010000 47.708333 
0.011000 47.181373 
0.011000 48.333333 
0.011000 47.589869 
0.010000 49.532313 
0.010000 48.125000 
0.010000 47.589869 
0.010000 48.541667 
0.010000 48.469388 
0.010000 48.406863 
0.010000 48.894558 
0.014000 48.750000 
0.014000 48.611111 
0.014000 47.708333 
0.010000 48.681973 
0.010000 48.815359 
0.009000 49.319728 
0.009000 49.166667 
0.009000 48.681973 
0.009000 48.815359 
0.009000 49.428105 
0.010000 49.375000 
0.010000 48.750000 
0.010000 47.831633 
0.009000 48.125000 
0.009000 49.428105 
0.010000 49.375000 
0.010000 40.833333 
0.010000 39.583333 
0.010000 38.750000 
0.010000 39.166667 
0.010000 40.833333 
0.010000 40.816327 
0.010000 38.125000 
0.011000 39.791667 
0.011000 39.753401 
0.010000 39.828431 
0.010000 39.965986 
0.010000 41.041667 
0.010000 40.464744 
0.010000 40.581597 
0.010000 40.000000 
0.010000 39.863782 
0.010000 41.041667 
0.009000 40.625000 
0.009000 40.833333 
0.011000 41.458333 
0.011000 41.232639 
0.011000 41.041667 
0.010000 41.266026 
0.010000 42.083333 
0.009000 41.666667 
0.009000 41.458333 
0.009000 40.645425 
0.010000 40.833333 
0.010000 42.500000 
0.010000 41.666667 
0.010000 40.645425 
0.010000 40.833333 
0.010000 41.458333 
0.010000 41.666667 
0.010000 42.075163 
0.010000 42.304422 
0.010000 41.875000 
0.010000 42.083333 
0.010000 41.875000 
0.010000 42.517007 
0.010000 42.916667 
0.010000 42.892157 
0.010000 42.291667 
0.010000 42.729592 
0.015000 42.483660 
0.015000 40.833333 
0.015000 41.666667 
0.010000 42.916667 
0.010000 42.291667 
0.010000 42.916667 
0.010000 42.708333 
0.010000 43.333333 
0.010000 42.916667 
0.010000 40.625000 
0.010000 43.125000 
0.010000 43.154762 
0.010000 42.708333 
0.009000 43.333333 
0.009000 42.916667 
0.009000 42.708333 
0.009000 43.154762 
0.009000 43.579932 
0.010000 43.595679 
0.010000 43.154762 
0.010000 43.541667 
0.010000 44.375000 
0.010000 43.541667 
0.010000 43.750000 
0.010000 44.375000 
0.010000 43.750000 
0.010000 42.500000 
0.010000 44.375000 
0.010000 43.333333 
0.010000 43.541667 
0.010000 42.708333 
0.010000 44.166667 
0.010000 42.968750 
0.009000 44.166667 
0.009000 43.469551 
0.010000 45.138889 
0.010000 44.005102 
0.010000 45.000000 
0.011000 44.166667 
0.011000 43.958333 
0.010000 45.000000 
0.010000 45.000000 
0.010000 44.583333 
0.010000 45.208333 
0.010000 44.375000 
0.010000 44.791667 
0.010000 44.642857 
0.010000 43.579932 
0.010000 44.583333 
0.010000 44.321895 
0.010000 46.041667 
0.010000 45.705782 
0.010000 44.526144 
0.010000 45.625000 
0.010000 46.250000 
