0.011000 40.816667 
0.011000 41.000000 
0.010000 41.000000 
0.010000 40.583333 
0.012000 39.133333 
0.012000 39.000000 
0.012000 39.868852 
0.011000 40.813559 
0.011000 41.263158 
0.012000 40.714286 
0.012000 41.000000 
0.012000 41.900000 
0.011000 42.000000 
0.011000 42.000000 
0.011000 42.000000 
0.011000 42.868852 
0.011000 43.333333 
0.010000 43.018182 
0.010000 43.728814 
0.012000 43.000000 
0.012000 43.000000 
0.012000 42.583333 
0.012000 42.533333 
0.012000 43.000000 
0.012000 43.000000 
0.012000 41.770492 
0.012000 40.083333 
0.011000 40.000000 
0.011000 40.267857 
0.011000 40.822581 
0.011000 41.000000 
0.011000 41.000000 
0.010000 41.000000 
0.010000 40.516667 
0.012000 41.116667 
0.012000 41.016393 
0.012000 41.000000 
0.010000 40.568966 
0.010000 40.187500 
0.010000 39.465517 
0.010000 39.583333 
0.010000 39.533333 
0.011000 40.000000 
0.011000 40.000000 
0.011000 39.350000 
0.011000 39.000000 
0.011000 39.316667 
0.010000 39.800000 
0.010000 39.000000 
0.024000 39.607143 
0.024000 40.000000 
0.024000 40.000000 
0.017000 40.000000 
0.017000 40.606557 
0.010000 40.000000 
0.010000 40.000000 
0.010000 40.566667 
0.010000 40.819672 
0.010000 41.683333 
0.010000 41.383333 
