0.012000 37.708333 
0.012000 39.019608 
0.012000 38.600000 
0.010000 38.600000 
0.010000 38.627451 
0.009000 37.200000 
0.009000 39.000000 
0.009000 38.600000 
0.010000 39.600000 
0.010000 37.959184 
0.009000 39.200000 
0.009000 39.000000 
0.009000 38.431373 
0.016000 37.800000 
0.016000 38.200000 
0.010000 38.200000 
0.010000 40.199830 
0.010000 37.812500 
0.011000 38.775510 
0.011000 39.791667 
0.011000 39.392007 
0.011000 40.604167 
0.011000 40.566038 
0.010000 40.625000 
0.010000 39.395833 
0.009000 41.220238 
0.009000 41.000000 
0.009000 39.803686 
0.010000 39.603758 
0.010000 41.432823 
0.011000 40.012255 
0.011000 41.007653 
0.011000 40.812500 
0.010000 40.583333 
0.010000 40.416667 
0.010000 40.767974 
0.010000 39.392007 
0.010000 41.395833 
0.009000 40.604575 
0.009000 40.816327 
0.009000 41.791667 
0.009000 40.208333 
0.009000 41.000000 
0.010000 41.952614 
0.010000 40.603741 
0.010000 42.565359 
0.010000 41.220238 
0.010000 42.491319 
0.010000 39.603758 
0.010000 42.208333 
0.010000 42.240646 
0.010000 42.604167 
0.010000 41.395833 
0.009000 42.208333 
0.009000 41.726763 
0.009000 42.000000 
0.009000 41.791667 
0.009000 42.000000 
0.010000 42.812500 
0.010000 41.007653 
0.010000 43.208333 
