0.011000 1080 91063.569600 19957639.658484 
0.011000 1080 81188.197754 19433799.631437 
0.011000 1080 80258.090270 21472052.578006 
0.011000 1080 48000.511459 19849982.783748 
0.011000 1080 47109.914677 17895548.100384 
0.011000 1080 68308.953247 20094170.665504 
0.010000 1080 63590.315055 21277511.891137 
0.010000 1080 70629.972902 19770573.532403 
0.010000 1080 76259.169944 16951875.636548 
0.010000 1080 96157.413322 21299592.540269 
0.010000 1080 60931.636315 18065858.096210 
0.011000 1080 58786.043820 18492731.515500 
0.011000 1080 60676.235789 20672350.831023 
0.010000 1080 47709.032515 18182186.150137 
0.010000 1080 94222.806072 21795351.934129 
0.010000 1080 80670.534395 18177885.269913 
0.011000 1080 53470.806789 20096130.079187 
0.011000 1080 62739.265422 21957721.218570 
0.010000 1080 74460.463414 23103244.625606 
0.010000 1080 51149.017257 23761683.964597 
0.010000 1080 88178.862344 21125329.398786 
0.013000 1080 76251.818619 25927934.616669 
0.013000 1080 82084.555237 20361965.790835 
0.011000 1080 88278.941461 20286503.823136 
0.011000 1080 74493.976987 20353980.677410 
0.011000 1080 70335.371885 20644893.546480 
0.012000 1080 68820.136877 19611487.847646 
0.012000 1080 51682.628040 23796475.413972 
0.010000 1080 45966.330550 23834246.161713 
0.010000 1080 46624.284600 24477343.698691 
0.010000 1080 48862.994929 24313599.946124 
0.011000 1080 54950.613831 25066954.979820 
0.011000 1080 70131.985105 24616169.932302 
0.010000 1080 68308.596372 23218908.563952 
0.010000 1080 50055.813366 23875479.710614 
0.010000 1080 61136.498162 24195474.445624 
0.009000 1080 77189.844441 25154619.222827 
0.009000 1080 70752.188708 25831705.155394 
0.009000 1080 42187.902770 25954512.565164 
0.010000 1080 41753.654111 25440674.012828 
0.010000 1080 50800.228352 23866125.823234 
0.010000 1080 66211.889663 23901883.028662 
0.010000 1080 68271.762168 24725553.563825 
0.010000 1080 69244.818123 24291394.000026 
0.010000 1080 48915.479545 22287376.856720 
0.010000 1080 50256.836397 22905394.958601 
0.010000 1080 70303.101362 20842525.087160 
0.010000 1080 82560.304316 19062969.346724 
0.010000 1080 72734.391645 19909370.331913 
0.010000 1080 80429.937329 18963185.678323 
0.010000 1080 77765.403022 20955093.308056 
0.010000 1080 56696.953391 20204556.892294 
0.010000 1080 75507.144727 20143965.038470 
0.010000 1080 57605.939656 17123098.940063 
0.010000 1080 102943.329335 19526233.318325 
0.010000 1080 111682.420350 18656435.127784 
0.011000 1080 87674.104818 13059385.956068 
0.011000 1080 98289.315794 14036262.473844 
0.011000 1080 154659.076820 14767670.363159 
0.111000 1080 141064.736405 11771937.444824 
0.111000 1080 147158.058895 18549515.583914 
0.110000 1080 161610.899446 18162431.711205 
0.110000 1080 92836.076147 18728178.191461 
0.110000 1080 49481.987839 18739287.921966 
0.110000 1080 110573.591448 20351551.284246 
0.110000 1080 158727.348481 20081300.710084 
0.112000 1080 170244.121737 19757225.728639 
0.112000 720 104302.506451 20707971.148482 
0.112000 720 72466.250916 12945814.858761 
0.110000 720 50946.225743 8639814.534982 
0.110000 720 52231.978041 9246342.863347 
0.110000 720 102742.911355 8897741.741854 
0.110000 720 112935.482241 8605918.049522 
0.110000 720 97839.759876 8440555.585974 
0.110000 720 51611.332410 8593457.207405 
0.110000 720 48882.966203 8691685.697272 
0.110000 720 51974.517472 8061500.690655 
0.110000 1080 83548.362893 8213344.259204 
0.110000 1080 99319.137447 14190060.021969 
0.110000 1080 95217.543338 19241949.550061 
0.110000 1080 103058.530011 17526178.076208 
0.109000 1080 97989.705180 18699029.284164 
0.109000 720 121560.114908 19656023.530451 
0.109000 720 67741.042690 14164460.213754 
0.109000 720 119267.186096 13230360.414696 
0.109000 720 55060.870821 13687085.014249 
0.110000 1080 47551.297802 14179301.865126 
0.110000 1080 59932.276605 17115170.506490 
0.110000 1080 119955.966772 19075143.920585 
0.111000 1080 130360.882988 18489995.659348 
0.111000 1080 110217.257711 17898298.481410 
0.112000 720 237015.957638 17679748.668448 
0.112000 720 186392.902482 13664576.830418 
0.112000 720 163119.160805 7225404.960365 
0.110000 720 214837.905047 6900730.554923 
0.110000 720 187998.522976 7267070.673192 
0.112000 720 221927.472136 7888179.288619 
0.112000 720 152886.180784 7526647.040702 
0.112000 720 75852.266906 6759810.804811 
0.110000 720 120738.081701 6672866.646435 
0.110000 720 80645.859026 7604295.095627 
0.110000 1080 141465.189002 8001101.978324 
0.110000 1080 119321.955526 11254187.320494 
0.110000 1080 170539.700785 15982883.874578 
0.111000 1080 136482.157339 15747131.356740 
0.111000 1080 142931.421188 15821151.634140 
0.111000 720 102969.345580 16618941.592664 
0.111000 720 131836.312730 12790287.107515 
0.111000 720 179172.598158 13156887.003595 
0.110000 1080 135113.184004 9343051.110652 
0.110000 1080 124941.993371 11825819.390170 
0.110000 1080 133972.093688 14429556.959263 
0.110000 1080 166367.955638 15410974.304834 
0.110000 1080 140334.642336 13632438.027487 
0.110000 720 129827.677697 14999727.442011 
0.110000 720 100410.334729 11386857.111221 
0.110000 720 128211.990912 4638702.383938 
0.110000 720 113668.712977 3967530.744571 
0.110000 720 78956.658242 4610723.225934 
0.010000 720 79859.225940 8203402.113721 
0.010000 720 70630.218746 8518420.378339 
0.010000 720 53765.162323 8230339.757319 
0.010000 720 72187.306970 8148875.684071 
0.010000 720 53696.641340 7542695.079268 
0.011000 1080 49624.245657 8458843.310938 
0.011000 1080 45801.251019 11554474.716693 
0.010000 1080 50421.905172 17266798.965629 
0.010000 1080 65155.717615 16832032.852974 
0.010000 1080 45183.924111 16612432.995129 
0.010000 1080 87651.900330 16631989.153895 
0.010000 1080 105119.635760 15247574.773159 
0.010000 1080 80355.733568 15769097.560068 
0.010000 1080 84937.933354 14888399.325679 
0.010000 1080 58351.097699 15871653.416402 
0.010000 1080 74665.139874 14403713.055287 
0.010000 1080 71956.692824 16620652.766054 
0.011000 1080 98319.458266 16421506.608497 
0.011000 1080 87313.231059 15431476.399290 
0.011000 1080 112889.366378 18760898.584784 
0.015000 1080 117327.141733 19120860.333887 
0.015000 1080 84039.064318 20249314.055479 
0.010000 1080 92143.855687 20918283.578687 
0.010000 1080 112100.080592 18803907.129026 
0.010000 1080 102444.300656 19989554.264770 
0.010000 1080 117247.552240 20739995.337688 
0.010000 1080 100736.326625 16391472.320704 
0.009000 1080 117494.558357 17700269.498143 
0.009000 1080 106700.432734 12836794.414753 
0.009000 1080 97386.015242 11691140.800118 
0.010000 1080 103222.704802 16654120.169469 
0.010000 1080 96200.627470 19660033.342172 
0.012000 1080 103387.943165 19935638.988881 
0.012000 1080 116496.753938 20140854.839008 
0.012000 1080 104124.479679 20084577.253726 
0.011000 1080 70172.811529 19758263.295918 
0.011000 1080 58150.797085 20318092.539220 
0.010000 1080 57707.582045 20066988.692477 
0.010000 1080 56535.128924 22312992.269288 
0.010000 1080 82659.474382 23093943.016211 
0.012000 1080 52311.156234 25048413.053615 
0.012000 1080 47214.795028 24968442.561762 
0.010000 1080 59305.418299 24880716.108658 
0.010000 1080 50169.828229 24353686.861384 
0.010000 1080 51169.037558 24387737.721183 
0.011000 1080 47177.662438 23918337.582765 
0.011000 1080 50726.829326 23636929.582621 
0.012000 1080 44950.530079 20419081.134940 
0.012000 1080 60997.599116 20276378.204931 
0.012000 1080 61011.567317 20385062.392703 
0.010000 1080 51545.757273 20790104.204935 
0.010000 1080 70867.962579 20092078.186246 
0.013000 1080 81343.310935 20359902.988180 
0.013000 1080 74297.942247 20182096.567406 
0.013000 1080 64002.722665 20419017.073520 
0.010000 1080 55594.018226 19527301.025129 
0.010000 1080 79298.769883 20354324.987772 
0.010000 1080 72476.879677 18714039.470905 
0.010000 1080 73917.988264 19502512.227584 
0.010000 1080 50077.302120 20388733.256999 
0.010000 1080 71582.502935 20000079.477769 
