0.011000 1080 63419.285932 21125329.398786 
0.011000 1080 91647.760286 25927934.616669 
0.011000 1080 92685.678126 20361965.790835 
0.011000 1080 57493.587473 20286503.823136 
0.011000 1080 55858.914561 20353980.677410 
0.011000 1080 65662.305180 20644893.546480 
0.013000 1080 82621.222735 19611487.847646 
0.013000 1080 45924.160522 23796475.413972 
0.013000 1080 47277.351574 23834246.161713 
0.011000 1080 45462.195955 24477343.698691 
0.011000 1080 62594.996608 24313599.946124 
0.011000 1080 66475.121451 25066954.979820 
0.011000 1080 69564.371867 24616169.932302 
0.011000 1080 87106.193797 23218908.563952 
0.011000 1080 56563.372199 23875479.710614 
0.011000 1080 52617.598325 24195474.445624 
0.013000 1080 50770.098244 25154619.222827 
0.013000 1080 66759.588321 25831705.155394 
0.013000 1080 84153.289616 25954512.565164 
0.011000 1080 82439.038688 25440674.012828 
0.011000 1080 62007.020156 23866125.823234 
0.012000 1080 53783.680519 23901883.028662 
0.012000 1080 50077.941473 24725553.563825 
0.012000 1080 45942.544495 24291394.000026 
0.016000 1080 89117.835357 22287376.856720 
0.016000 1080 101583.127854 22905394.958601 
0.012000 1080 94970.210424 20842525.087160 
0.012000 1080 59754.619530 19062969.346724 
0.012000 1080 49224.565765 19909370.331913 
0.011000 1080 41956.933090 18963185.678323 
0.011000 1080 50537.874331 20955093.308056 
0.012000 1080 80181.831127 20204556.892294 
0.012000 1080 86310.796065 20143965.038470 
0.012000 1080 59623.883459 17123098.940063 
0.011000 1080 73542.182484 19526233.318325 
0.011000 1080 80735.323318 18656435.127784 
0.011000 1080 55452.203119 13059385.956068 
0.011000 1080 48906.473254 14036262.473844 
0.011000 1080 58372.369956 14767670.363159 
0.012000 1080 75265.906559 11771937.444824 
0.012000 1080 77251.422589 18549515.583914 
0.011000 1080 50383.639373 18162431.711205 
0.011000 1080 49634.852282 18728178.191461 
0.011000 1080 85596.830846 18739287.921966 
0.011000 1080 66903.881555 20351551.284246 
0.011000 1080 52450.013788 20081300.710084 
0.011000 1080 65745.841612 19757225.728639 
0.011000 1080 84066.004290 20707971.148482 
0.011000 1080 83694.143152 12945814.858761 
0.011000 1080 58836.206307 8639814.534982 
0.011000 1080 76253.820749 9246342.863347 
0.011000 1080 82808.138224 8897741.741854 
0.011000 1080 109377.624011 8605918.049522 
0.011000 1080 83178.519143 8440555.585974 
0.011000 1080 79893.966279 8593457.207405 
0.011000 1080 96311.219123 8691685.697272 
0.011000 1080 124324.667105 8061500.690655 
0.011000 1080 117852.143697 8213344.259204 
0.011000 1080 151595.745743 14190060.021969 
0.131000 1080 141384.335890 19241949.550061 
0.131000 1080 83585.329050 17526178.076208 
0.131000 1080 109724.776991 18699029.284164 
0.131000 1080 130838.854009 19656023.530451 
0.131000 1080 124351.563729 14164460.213754 
0.131000 1080 105106.159200 13230360.414696 
0.131000 1080 136004.971359 13687085.014249 
0.132000 720 101589.675171 14179301.865126 
0.132000 720 160100.449312 17115170.506490 
0.132000 720 151817.228645 19075143.920585 
0.131000 720 112300.487465 18489995.659348 
0.131000 720 149117.419014 17898298.481410 
0.131000 720 174992.083037 17679748.668448 
0.131000 720 100889.465615 13664576.830418 
0.131000 720 119969.082420 7225404.960365 
0.131000 720 54636.759582 6900730.554923 
0.131000 720 123790.672365 7267070.673192 
0.132000 1080 138240.830712 7888179.288619 
0.132000 1080 127789.393706 7526647.040702 
0.132000 1080 125676.415066 6759810.804811 
0.131000 1080 107539.490596 6672866.646435 
0.131000 1080 104435.803501 7604295.095627 
0.131000 720 91889.124417 8001101.978324 
0.131000 720 97018.184221 11254187.320494 
0.131000 720 129416.081469 15982883.874578 
0.131000 720 104404.978417 15747131.356740 
0.131000 720 80681.026620 15821151.634140 
0.135000 1080 61933.701391 16618941.592664 
0.135000 1080 95826.049840 12790287.107515 
0.135000 1080 99946.419077 13156887.003595 
0.131000 1080 83987.295767 9343051.110652 
0.131000 1080 67720.274391 11825819.390170 
0.131000 720 104592.279230 14429556.959263 
0.131000 720 125169.586904 15410974.304834 
0.131000 720 135857.172810 13632438.027487 
0.131000 720 135280.711872 14999727.442011 
0.131000 720 110219.003178 11386857.111221 
0.131000 720 146623.552432 4638702.383938 
0.131000 720 118254.291409 3967530.744571 
0.131000 720 81939.291582 4610723.225934 
0.131000 720 157106.340623 8203402.113721 
0.131000 720 92637.039786 8518420.378339 
0.131000 1080 166728.055960 8230339.757319 
0.131000 1080 122752.504805 8148875.684071 
0.131000 1080 117578.750983 7542695.079268 
0.131000 1080 198855.110599 8458843.310938 
0.131000 1080 166464.696287 11554474.716693 
0.131000 720 105889.204459 17266798.965629 
0.131000 720 159663.325043 16832032.852974 
0.131000 720 137187.696251 16612432.995129 
0.131000 720 171185.949598 16631989.153895 
0.131000 720 221021.406928 15247574.773159 
0.131000 1080 179141.088777 15769097.560068 
0.131000 1080 151503.134767 14888399.325679 
0.131000 1080 180009.152267 15871653.416402 
0.130000 1080 153736.258664 14403713.055287 
0.130000 1080 101863.612285 16620652.766054 
0.132000 720 157605.143723 16421506.608497 
0.132000 720 188057.083673 15431476.399290 
0.132000 720 92041.858142 18760898.584784 
0.011000 720 77250.084800 19120860.333887 
0.011000 720 57729.024768 20249314.055479 
0.011000 720 50547.945919 20918283.578687 
0.011000 720 58088.130352 18803907.129026 
0.011000 720 50366.327845 19989554.264770 
0.013000 720 46756.548135 20739995.337688 
0.013000 720 44123.155750 16391472.320704 
0.011000 1080 77111.904981 17700269.498143 
0.011000 1080 76547.037815 12836794.414753 
0.011000 1080 46088.860524 11691140.800118 
0.011000 1080 41728.368440 16654120.169469 
0.011000 1080 40009.834454 19660033.342172 
0.012000 1080 55300.289500 19935638.988881 
0.012000 1080 77368.479846 20140854.839008 
0.012000 1080 67202.349010 20084577.253726 
0.011000 1080 78531.754877 19758263.295918 
0.011000 1080 79809.768364 20318092.539220 
0.011000 1080 74250.768385 20066988.692477 
0.011000 1080 84950.412807 22312992.269288 
0.011000 1080 120540.531118 23093943.016211 
0.011000 1080 77786.795378 25048413.053615 
0.011000 1080 118429.125394 24968442.561762 
0.011000 1080 105247.827568 24880716.108658 
0.011000 1080 107160.655665 24353686.861384 
0.011000 1080 94790.199746 24387737.721183 
0.012000 1080 111984.299455 23918337.582765 
0.012000 1080 118431.866122 23636929.582621 
0.011000 1080 70644.564124 20419081.134940 
0.011000 1080 51768.003739 20276378.204931 
0.011000 1080 126985.507275 20385062.392703 
0.011000 1080 108643.106283 20790104.204935 
0.011000 1080 106532.429327 20092078.186246 
0.012000 1080 69743.940404 20359902.988180 
0.012000 1080 48139.292313 20182096.567406 
0.012000 1080 48792.371346 20419017.073520 
0.011000 1080 51462.029854 19527301.025129 
0.011000 1080 45289.719053 20354324.987772 
0.011000 1080 47949.991641 18714039.470905 
0.011000 1080 53408.641455 19502512.227584 
0.011000 1080 53421.385808 20388733.256999 
0.011000 1080 48233.871558 20000079.477769 
0.011000 1080 55362.103463 19860780.150733 
0.011000 1080 62175.914906 19883869.852631 
0.011000 1080 47487.075671 20026040.680693 
0.011000 1080 44223.828569 19610552.629286 
0.011000 1080 51429.723829 19666088.878559 
0.011000 1080 45388.102438 19911372.507440 
0.011000 1080 48235.351627 19850466.127048 
0.011000 1080 42660.588895 20004538.658455 
0.011000 1080 74906.034094 19857944.179455 
0.012000 1080 43219.712284 19695142.317051 
0.012000 1080 50503.529557 22097360.693237 
0.014000 1080 52872.320341 18583172.203542 
0.014000 1080 75511.070832 20412712.665270 
0.014000 1080 71881.562382 21766949.073456 
0.011000 1080 68726.535595 22811810.073716 
0.011000 1080 51840.552641 21876086.856567 
0.011000 1080 53649.655627 22844487.139627 
0.011000 1080 84866.243095 21990043.156051 
0.011000 1080 74208.546149 22634010.766239 
0.011000 1080 69666.144795 23936121.448514 
