0.011000 1080 59632.705459 20592102.714182 
0.011000 1080 70898.117640 20452425.832970 
0.011000 1080 46585.276891 20011554.008476 
0.011000 1080 44023.004484 18677940.412101 
0.011000 1080 43649.865254 12282427.081697 
0.011000 1080 45965.054219 14813390.316056 
0.011000 1080 45807.228862 19642237.594723 
0.011000 1080 44640.234871 17845959.755868 
0.011000 1080 56984.007007 14519851.645397 
0.011000 1080 56991.762943 10091036.855255 
0.011000 1080 51170.752241 16104076.365780 
0.011000 1080 79601.309116 17490407.153701 
0.011000 1080 65225.190156 14067269.941338 
0.011000 1080 62792.079519 3476418.815397 
0.013000 1080 44588.837404 4758114.875714 
0.013000 1080 51187.723650 7654758.445334 
0.012000 1080 87704.685033 11122500.153275 
0.012000 1080 82189.016419 11970970.650064 
0.012000 1080 85335.963881 13187543.529012 
0.011000 1080 50392.001120 15461590.986164 
0.011000 1080 63617.403894 14298873.652626 
0.011000 1080 50844.177898 8714453.309326 
0.011000 1080 87211.301954 13810805.373157 
0.011000 1080 100843.036750 19779247.615722 
0.014000 1080 69109.941751 20040029.834717 
0.014000 1080 47791.825202 20189768.661049 
0.011000 1080 67369.804852 20718101.282312 
0.011000 1080 66846.166568 21898056.170010 
0.011000 1080 47600.360910 12585818.974485 
0.011000 1080 46061.633040 16337059.064862 
0.011000 1080 84073.859904 20021215.262174 
0.011000 1080 74403.751716 21943961.508333 
0.011000 1080 58172.949943 17259769.387656 
0.011000 1080 44844.873354 19779112.022554 
0.011000 1080 45589.686598 18692533.957668 
0.011000 1080 47027.870442 23351241.699489 
0.011000 1080 49719.696628 24181620.040735 
0.011000 1080 50243.893930 21315823.933256 
0.011000 1080 48545.117599 16053484.987760 
0.011000 1080 53295.684621 19592210.247344 
0.011000 1080 50868.149420 22566617.074660 
0.012000 1080 75415.058659 20866439.727374 
0.012000 1080 46980.717775 23450052.396403 
0.012000 1080 50796.097430 21986079.663677 
0.011000 1080 56080.932867 21663334.992384 
0.011000 1080 64430.634908 20510802.580283 
0.011000 1080 88997.040038 19568103.724455 
0.011000 1080 60114.509798 19533261.917859 
0.011000 1080 68087.788966 19343708.045308 
0.011000 1080 87055.577595 20530904.493389 
0.011000 1080 78608.368321 19114361.198367 
0.011000 1080 101990.178441 20469738.262946 
0.011000 1080 95085.942033 20244954.711273 
0.011000 1080 116199.921920 16427820.510358 
0.011000 1080 99333.574521 7840896.317732 
0.011000 1080 100998.040266 14606995.252709 
0.011000 1080 79277.380980 19208343.602395 
0.011000 1080 96489.744813 16632814.134370 
0.011000 1080 106867.290859 14230011.830705 
0.091000 1080 136442.250704 18626774.642718 
0.091000 1080 122034.726906 19195991.167569 
0.091000 1080 176037.828192 20113621.660997 
0.091000 1080 199951.327306 19360840.748768 
0.091000 1080 189049.345559 20079677.169822 
0.091000 1080 242779.933195 18987028.531987 
0.091000 1080 218513.470477 18988315.369595 
0.092000 1080 138203.207291 18347651.101938 
0.092000 1080 164203.755014 18511344.300069 
0.092000 1080 116206.193752 19619637.349339 
0.093000 1080 63885.868981 20039291.077837 
0.093000 1080 110252.102458 20159117.436695 
0.091000 1080 56304.469322 22315811.799152 
0.091000 1080 51383.775418 16170770.019100 
0.091000 1080 93338.525239 20924225.881144 
0.091000 1080 102573.113537 20311256.140117 
0.091000 1080 88993.699106 20578070.114771 
0.091000 1080 51921.573051 20783833.285262 
0.091000 1080 42616.832979 20505235.625112 
0.091000 1080 69535.846467 20479823.873326 
0.091000 1080 104044.775440 19853856.689612 
0.091000 1080 110859.455516 19852998.644857 
0.092000 1080 144862.619304 19659413.407888 
0.092000 1080 83070.852249 17970604.365775 
0.092000 1080 52277.995153 20118962.805197 
0.091000 1080 63256.819352 19149862.573654 
0.091000 1080 145334.772194 10908171.866643 
0.092000 1080 67907.669841 19020257.689446 
0.092000 1080 118765.709614 19167289.041681 
0.092000 1080 71010.986329 18010648.992692 
0.091000 1080 166035.976499 21892661.357401 
0.091000 1080 76683.246495 21463237.519006 
0.092000 1080 122736.473684 16368201.542240 
0.092000 1080 63488.996731 19288622.916703 
0.092000 1080 97698.970008 16124048.273653 
0.092000 1080 103267.065188 18933899.682199 
0.092000 1080 123905.315123 18571310.053740 
0.091000 1080 74970.958927 19739097.303670 
0.091000 1080 135053.310071 19944591.992247 
0.091000 1080 115351.688047 13316449.538800 
0.092000 1080 64743.792100 4893059.152045 
0.092000 1080 115568.941960 19226884.244277 
0.091000 1080 130902.470023 4708956.389226 
0.091000 1080 149374.688101 10055103.764340 
0.091000 1080 139614.253189 18223825.644672 
0.091000 1080 93288.491915 20267229.505668 
0.091000 1080 135665.346886 15709856.367068 
0.091000 1080 156775.992173 13532581.400722 
0.091000 1080 188039.180089 9699953.097414 
0.091000 1080 153213.057065 19657637.078936 
0.092000 1080 167155.585076 19425951.667747 
0.092000 1080 98985.824273 19521810.840187 
0.092000 1080 112319.341598 19565197.903468 
0.092000 1080 137499.790297 19912104.933326 
0.092000 1080 147507.024840 19603865.302723 
0.091000 1080 168400.223854 18972046.722416 
0.091000 1080 122308.851210 19451615.459061 
0.092000 1080 76424.485153 4557560.481992 
0.092000 1080 96657.749072 9468813.482388 
0.092000 1080 72624.639790 17055724.603289 
0.011000 1080 49397.568234 17709127.465009 
0.011000 1080 49488.785749 15982407.841128 
0.011000 1080 96081.863012 22155818.610769 
0.011000 1080 109668.388362 20682130.807471 
0.011000 1080 55677.828031 21197773.380023 
0.011000 1080 53226.132217 20544823.840063 
0.011000 1080 52145.869512 20368152.008852 
0.012000 1080 48393.170381 19910800.835424 
0.012000 1080 82292.604185 19399972.108415 
0.012000 1080 72830.931627 15975033.221861 
0.011000 1080 82298.480675 14234543.410583 
0.011000 1080 83048.047073 13583065.118332 
0.011000 1080 85077.464808 15541155.705565 
0.011000 1080 84009.208092 15665401.458323 
0.011000 1080 86433.298069 15248975.854324 
0.011000 1080 83247.692440 15869920.756033 
0.011000 1080 65119.637892 13763813.617472 
0.014000 1080 57365.399983 20715096.662075 
0.014000 1080 50339.300296 16571531.803014 
0.014000 1080 54111.764652 17692727.838686 
0.013000 1080 83362.890389 19137154.097036 
0.013000 1080 60103.224331 21892348.317944 
0.012000 1080 81428.250756 17415568.098429 
0.012000 1080 44196.937477 23966671.361331 
0.012000 1080 44030.846702 24216459.122332 
0.011000 1080 43046.763730 25377652.978214 
0.011000 1080 45809.353683 25620579.756358 
0.012000 1080 67762.852437 22400949.846035 
0.012000 1080 51571.789405 19982673.446914 
0.012000 1080 49584.839290 15036581.377276 
0.011000 1080 51932.768166 13596307.915348 
0.011000 1080 45162.835495 20096006.263374 
0.011000 1080 44053.264142 20829543.275667 
0.011000 1080 41854.987490 20095649.904783 
0.011000 1080 46979.991345 20435829.871419 
0.011000 1080 48225.941651 21064937.278624 
0.011000 1080 52381.980881 20267499.028057 
0.011000 1080 52515.925584 20280243.170889 
0.011000 1080 47940.544711 20308945.374598 
0.011000 1080 46485.014925 20112307.582090 
0.012000 1080 51825.620064 20269972.196629 
0.012000 1080 64675.929775 9988964.037434 
0.011000 1080 98354.867078 20255990.074423 
0.011000 1080 74946.757966 10073700.072359 
0.011000 1080 48936.063363 17631147.433366 
0.011000 1080 74022.880162 20153491.342278 
0.011000 1080 86535.834946 19969921.910397 
0.012000 1080 64841.871155 19794136.155708 
0.012000 1080 79002.521000 19954653.205526 
0.012000 1080 71953.853384 19297244.155352 
0.011000 1080 103369.431708 20951884.375348 
0.011000 1080 113661.555888 20434119.379633 
0.012000 1080 70971.160145 20728354.707430 
0.012000 1080 79856.263506 8567503.031234 
0.012000 1080 57141.495627 12390675.272153 
0.012000 1080 57625.784648 11503137.383603 
0.012000 1080 59880.203215 12395537.663148 
0.011000 1080 51174.818638 21272932.230301 
0.011000 1080 50290.261332 17036079.413829 
0.011000 1080 95662.328161 22497729.399393 
0.013000 1080 58456.709457 18111776.981236 
