0.011000 40.934426 
0.011000 41.000000 
0.011000 40.224138 
0.011000 40.000000 
0.011000 40.000000 
0.011000 39.716667 
0.011000 40.586207 
0.011000 38.550000 
0.011000 38.901639 
0.011000 38.573770 
0.012000 39.883333 
0.012000 38.983333 
0.011000 38.966667 
0.011000 38.932203 
0.011000 38.442623 
0.011000 38.700000 
0.011000 38.600000 
0.011000 38.550000 
0.011000 38.103448 
0.011000 38.622951 
0.011000 38.344262 
0.011000 39.550000 
0.011000 39.440678 
0.012000 40.583333 
0.012000 39.933333 
0.014000 40.065574 
0.014000 40.183333 
0.014000 40.000000 
0.011000 40.693548 
0.011000 40.183333 
0.012000 39.616667 
0.012000 40.327869 
0.012000 39.275862 
0.012000 39.161290 
0.012000 39.087719 
0.011000 38.131148 
0.011000 38.000000 
0.011000 38.000000 
0.015000 38.000000 
0.015000 38.000000 
0.011000 38.000000 
0.011000 37.819672 
0.011000 37.813559 
0.011000 37.016393 
0.011000 37.433333 
0.011000 38.000000 
0.011000 37.213115 
0.011000 37.833333 
0.011000 37.666667 
0.011000 37.000000 
0.011000 36.822581 
0.011000 35.807018 
0.011000 35.950000 
0.011000 37.983871 
0.011000 38.183333 
0.011000 37.850000 
0.011000 38.311475 
0.011000 38.216667 
0.012000 37.800000 
0.012000 37.933333 
0.011000 38.400000 
0.011000 37.534483 
0.011000 37.000000 
0.011000 36.983333 
0.011000 36.672131 
0.011000 36.733333 
0.011000 36.000000 
0.011000 36.000000 
0.011000 35.573770 
0.011000 34.967213 
0.011000 34.816667 
0.011000 35.566667 
0.011000 35.631579 
0.011000 36.000000 
0.011000 36.000000 
0.011000 35.982759 
0.011000 37.000000 
0.011000 37.000000 
0.011000 37.000000 
0.011000 37.819672 
0.011000 38.000000 
0.011000 37.836066 
0.011000 37.879310 
0.012000 37.754098 
0.012000 38.311475 
0.012000 38.133333 
0.012000 38.000000 
0.012000 37.951613 
0.011000 37.967213 
0.011000 38.000000 
0.011000 38.000000 
0.011000 37.033333 
0.011000 36.338983 
0.011000 36.050847 
0.011000 36.096774 
0.011000 37.000000 
0.011000 37.413793 
0.011000 37.327869 
0.011000 36.850000 
0.011000 38.000000 
0.013000 38.000000 
0.013000 37.783333 
0.013000 37.224138 
0.011000 36.065574 
0.011000 36.000000 
0.011000 35.983333 
0.011000 36.000000 
0.011000 35.147541 
0.011000 34.850000 
0.011000 34.377049 
0.012000 33.216667 
0.012000 33.206897 
0.012000 34.822581 
0.012000 35.000000 
0.012000 34.913793 
0.012000 34.354839 
0.012000 34.300000 
0.012000 35.566667 
0.011000 35.491228 
0.011000 35.655738 
0.013000 35.806452 
0.013000 35.950000 
0.013000 35.983333 
0.011000 35.983333 
0.011000 35.016667 
0.011000 35.103448 
0.011000 36.016393 
0.011000 36.000000 
0.011000 35.666667 
0.011000 36.000000 
0.011000 36.000000 
0.011000 36.000000 
0.011000 36.000000 
0.011000 36.737705 
0.011000 38.500000 
0.011000 38.216667 
0.011000 37.423729 
0.011000 37.819672 
0.013000 38.516667 
0.013000 38.616667 
0.011000 39.000000 
0.011000 39.000000 
0.011000 39.000000 
0.011000 38.783333 
0.011000 38.000000 
0.013000 39.000000 
0.013000 38.050000 
0.013000 38.263158 
0.012000 39.000000 
0.012000 38.508197 
0.011000 37.883333 
0.011000 37.122807 
0.011000 37.000000 
0.014000 36.950000 
0.014000 37.540984 
0.011000 36.947368 
0.011000 36.000000 
0.011000 36.147541 
0.012000 37.000000 
0.012000 37.000000 
0.016000 37.000000 
0.016000 37.000000 
0.016000 37.000000 
0.011000 36.065574 
0.011000 36.000000 
0.011000 35.983607 
0.011000 35.633333 
0.011000 35.913793 
0.011000 35.935484 
0.011000 35.883333 
0.011000 35.600000 
0.011000 35.948276 
0.011000 35.852459 
0.011000 35.901639 
0.011000 35.833333 
0.011000 35.783333 
0.011000 35.383333 
0.011000 35.224138 
0.011000 35.098361 
0.011000 35.083333 
0.012000 35.049180 
0.012000 34.620690 
0.012000 35.000000 
0.013000 34.885246 
0.013000 34.000000 
0.011000 34.000000 
0.011000 34.000000 
0.011000 34.000000 
0.012000 34.233333 
0.012000 35.000000 
0.011000 35.000000 
0.011000 34.672131 
0.011000 34.416667 
0.011000 34.966667 
0.011000 35.000000 
0.011000 35.887097 
0.011000 36.000000 
0.011000 36.000000 
0.011000 36.000000 
0.011000 35.637931 
0.011000 36.000000 
0.011000 36.000000 
0.011000 36.000000 
0.012000 35.416667 
0.012000 35.203390 
0.011000 35.000000 
0.011000 35.000000 
0.011000 35.000000 
0.012000 34.616667 
0.012000 34.983051 
0.011000 35.666667 
0.011000 35.733333 
0.011000 37.000000 
0.011000 37.000000 
0.011000 36.918033 
0.011000 37.000000 
0.011000 37.000000 
0.011000 37.450000 
0.011000 38.000000 
0.011000 37.451613 
0.013000 36.633333 
0.013000 36.616667 
0.013000 36.000000 
0.015000 36.000000 
0.015000 35.750000 
0.011000 35.000000 
0.011000 35.169492 
0.011000 35.866667 
0.011000 35.590164 
0.011000 35.000000 
0.012000 34.666667 
0.012000 34.677966 
0.012000 35.000000 
0.011000 34.672131 
0.011000 35.000000 
0.012000 34.583333 
0.012000 33.966667 
0.012000 34.084746 
0.013000 33.885246 
0.013000 33.350000 
0.012000 33.750000 
0.012000 33.568966 
0.012000 33.629032 
0.011000 33.600000 
0.011000 34.000000 
0.011000 34.000000 
0.011000 34.000000 
0.011000 34.475410 
0.011000 34.966667 
0.011000 35.000000 
0.011000 35.000000 
0.011000 35.000000 
0.011000 35.000000 
0.012000 35.706897 
0.012000 35.306452 
0.011000 35.000000 
0.011000 35.000000 
0.011000 35.000000 
0.015000 35.000000 
0.015000 34.950820 
0.012000 35.000000 
0.012000 35.000000 
0.012000 35.000000 
0.011000 34.543860 
0.011000 34.000000 
0.011000 34.000000 
0.011000 34.000000 
0.011000 34.000000 
0.012000 34.000000 
0.012000 33.629032 
0.011000 33.000000 
0.011000 33.000000 
0.011000 33.000000 
0.011000 33.000000 
0.011000 33.450000 
0.011000 34.864407 
0.011000 35.000000 
0.011000 35.000000 
0.012000 35.000000 
0.012000 35.816667 
0.013000 36.000000 
0.013000 35.483333 
0.013000 35.796610 
0.011000 36.000000 
0.011000 35.616667 
0.011000 35.000000 
0.011000 35.000000 
0.011000 35.263158 
0.011000 36.000000 
0.011000 36.868852 
0.011000 37.000000 
0.011000 37.000000 
0.011000 37.000000 
0.011000 37.000000 
0.011000 37.000000 
0.011000 36.306452 
0.011000 37.000000 
0.011000 36.704918 
0.011000 36.000000 
0.011000 35.466667 
0.011000 36.137931 
0.011000 36.216667 
0.011000 37.000000 
0.014000 37.000000 
0.014000 37.000000 
0.012000 37.000000 
0.012000 37.000000 
0.012000 37.000000 
0.011000 37.000000 
0.011000 36.733333 
0.012000 36.000000 
0.012000 35.745763 
0.012000 35.000000 
0.011000 35.000000 
0.011000 35.000000 
0.012000 34.966667 
0.012000 35.000000 
0.012000 34.737705 
0.011000 34.000000 
0.011000 34.350000 
0.011000 34.465517 
0.011000 34.557377 
0.011000 34.606557 
0.011000 34.950000 
0.011000 35.000000 
0.012000 35.000000 
0.012000 35.000000 
0.012000 35.000000 
0.012000 35.700000 
0.012000 36.683333 
0.011000 37.000000 
0.011000 37.000000 
0.011000 37.000000 
0.012000 37.000000 
0.012000 37.000000 
0.012000 37.000000 
0.012000 36.716667 
0.012000 36.033333 
0.014000 35.557377 
0.014000 34.300000 
0.013000 34.000000 
0.013000 35.000000 
0.013000 35.852459 
0.012000 37.000000 
0.012000 37.000000 
0.012000 37.000000 
0.012000 37.000000 
0.012000 37.416667 
0.012000 37.000000 
0.012000 37.000000 
0.011000 37.000000 
0.011000 37.000000 
0.011000 36.166667 
0.010000 35.000000 
0.010000 34.819672 
0.011000 34.688525 
0.011000 35.900000 
0.011000 36.344828 
0.012000 37.000000 
0.012000 37.000000 
0.011000 37.000000 
0.011000 37.000000 
0.011000 37.000000 
0.011000 37.000000 
0.011000 37.000000 
0.011000 37.000000 
0.011000 36.370968 
0.011000 35.750000 
0.011000 34.883333 
0.011000 35.000000 
0.011000 35.137931 
0.011000 35.967213 
0.011000 35.573770 
0.011000 36.000000 
0.011000 36.000000 
0.011000 36.000000 
0.011000 35.114754 
0.011000 35.000000 
0.012000 34.533333 
0.012000 34.000000 
0.012000 34.885246 
0.012000 34.000000 
0.012000 34.163934 
0.011000 34.433333 
0.011000 34.283333 
0.011000 35.000000 
0.011000 35.590164 
0.011000 37.000000 
0.014000 37.000000 
0.014000 37.000000 
0.012000 37.000000 
0.012000 37.000000 
0.012000 37.000000 
0.011000 37.000000 
0.011000 36.233333 
0.012000 35.684211 
0.012000 35.354839 
0.012000 35.000000 
0.011000 35.000000 
0.011000 35.000000 
0.011000 34.983871 
0.011000 34.745763 
0.011000 34.516129 
0.011000 35.000000 
0.011000 34.500000 
0.012000 33.833333 
0.012000 33.103448 
0.012000 33.770492 
0.010000 33.934426 
0.010000 34.035088 
0.011000 34.126984 
0.011000 33.833333 
0.011000 34.067797 
0.011000 33.275862 
0.011000 33.064516 
0.010000 32.950820 
0.010000 33.000000 
0.010000 32.982456 
0.012000 32.741935 
0.012000 32.950820 
0.011000 33.389831 
0.011000 34.000000 
0.011000 34.237288 
0.011000 35.000000 
0.011000 35.901639 
0.010000 36.000000 
0.010000 36.000000 
0.010000 36.034483 
0.011000 37.049180 
0.011000 37.049180 
0.013000 36.000000 
0.013000 36.166667 
0.013000 36.000000 
0.012000 35.689655 
0.012000 34.918033 
0.011000 35.081967 
0.011000 33.728814 
0.011000 32.950820 
0.011000 33.000000 
0.011000 33.684211 
0.012000 34.285714 
0.012000 36.000000 
0.012000 35.964912 
0.013000 36.065574 
0.013000 36.065574 
0.011000 35.901639 
0.011000 36.000000 
0.011000 37.368421 
0.011000 38.548387 
0.011000 36.065574 
0.011000 36.000000 
0.011000 35.000000 
0.011000 35.000000 
0.012000 35.000000 
0.012000 35.000000 
0.012000 34.827586 
0.013000 33.934426 
0.013000 33.114754 
0.011000 33.000000 
0.011000 33.000000 
0.011000 32.711864 
0.011000 32.131148 
0.011000 32.982456 
0.011000 32.903226 
0.011000 33.000000 
0.011000 33.114754 
0.011000 33.000000 
0.011000 32.586207 
0.011000 32.131148 
0.011000 32.295082 
0.011000 33.000000 
0.011000 32.807018 
0.011000 32.903226 
0.012000 33.114754 
0.012000 34.000000 
0.012000 34.035088 
0.013000 33.934426 
0.013000 34.426230 
0.011000 35.081967 
0.011000 35.000000 
0.011000 34.915254 
0.012000 35.081967 
0.012000 34.915254 
0.012000 35.000000 
0.012000 35.000000 
0.012000 35.263158 
0.011000 35.873016 
0.011000 35.833333 
0.014000 35.666667 
0.014000 35.000000 
0.014000 35.161290 
0.011000 35.333333 
0.011000 35.000000 
0.011000 34.098361 
0.011000 34.500000 
0.011000 34.166667 
0.010000 33.934426 
0.010000 34.035088 
0.012000 33.934426 
0.012000 34.590164 
0.012000 34.918033 
0.012000 35.333333 
0.012000 35.762712 
0.011000 36.000000 
0.011000 36.000000 
0.011000 35.666667 
0.011000 35.000000 
0.011000 35.000000 
0.012000 34.262295 
0.012000 33.500000 
0.012000 34.098361 
0.011000 34.500000 
0.011000 34.912281 
0.012000 35.081967 
0.012000 34.918033 
0.012000 35.081967 
0.011000 35.000000 
0.011000 35.833333 
0.011000 35.964912 
0.011000 36.290323 
0.011000 36.065574 
0.011000 36.166667 
0.011000 36.000000 
0.011000 35.344828 
0.011000 36.290323 
0.011000 36.896552 
0.013000 37.049180 
0.013000 37.000000 
0.011000 37.068966 
0.011000 36.885246 
0.011000 37.049180 
0.011000 37.000000 
0.011000 37.000000 
0.012000 37.413793 
0.012000 36.612903 
0.012000 35.333333 
0.011000 35.000000 
0.011000 35.081967 
0.011000 34.426230 
0.011000 33.500000 
0.011000 33.114754 
0.012000 32.982456 
0.012000 33.064516 
0.012000 33.166667 
0.012000 33.000000 
0.012000 33.050847 
0.011000 32.950820 
0.011000 34.000000 
0.011000 34.035088 
0.011000 33.870968 
0.011000 34.098361 
0.011000 34.000000 
0.011000 34.000000 
0.012000 33.965517 
0.012000 34.032258 
0.012000 34.000000 
0.010000 34.000000 
0.010000 34.035088 
0.012000 33.934426 
0.012000 33.934426 
0.012000 34.098361 
0.011000 34.000000 
0.011000 34.000000 
0.013000 34.035088 
0.013000 33.870968 
0.013000 34.000000 
0.011000 34.098361 
0.011000 34.000000 
0.011000 33.666667 
0.011000 32.982456 
0.011000 33.000000 
0.013000 32.833333 
0.013000 33.064516 
0.011000 31.967213 
0.011000 32.000000 
0.011000 32.000000 
0.012000 32.068966 
0.012000 32.295082 
0.011000 32.950820 
0.011000 32.758621 
0.011000 32.903226 
0.011000 32.833333 
0.011000 32.542373 
0.011000 33.050847 
0.011000 32.950820 
0.011000 33.606557 
0.011000 33.508772 
0.011000 33.064516 
0.011000 34.000000 
0.011000 33.934426 
0.011000 34.000000 
0.013000 34.035088 
0.013000 34.590164 
0.012000 35.000000 
0.012000 35.333333 
0.012000 37.419355 
0.012000 37.000000 
0.012000 37.017544 
0.011000 37.049180 
0.011000 37.049180 
0.011000 36.500000 
