0.011000 35.004340 
0.011000 35.000000 
0.011000 35.000000 
0.011000 35.089869 
0.011000 34.906046 
0.011000 34.906463 
0.011000 35.000000 
0.011000 35.089869 
0.011000 34.906463 
0.011000 35.000000 
0.011000 35.000000 
0.011000 35.000000 
0.011000 35.089869 
0.011000 34.906046 
0.011000 35.000000 
0.011000 35.000000 
0.011000 35.000000 
0.011000 35.000000 
0.012000 35.000000 
0.012000 35.000000 
0.011000 35.000000 
0.011000 35.000000 
0.011000 35.000000 
0.011000 35.000000 
0.011000 35.000000 
0.011000 35.000000 
0.011000 35.000000 
0.011000 35.106383 
0.011000 35.000000 
0.011000 31.702044 
0.010000 30.000000 
0.010000 30.187500 
0.010000 30.395833 
0.011000 30.208333 
0.011000 30.395833 
0.012000 30.000000 
0.012000 30.000000 
0.012000 30.208333 
0.012000 30.000000 
0.012000 30.604167 
0.011000 31.662326 
0.011000 30.395833 
0.011000 30.395833 
0.011000 32.000000 
0.011000 30.000000 
0.012000 30.004085 
0.012000 30.000000 
0.012000 30.000000 
0.013000 30.004085 
0.013000 30.604167 
0.011000 30.187500 
0.011000 30.395833 
0.011000 31.812500 
0.012000 32.604167 
0.012000 31.791667 
0.011000 32.000000 
0.011000 31.604167 
0.011000 31.604167 
0.016000 33.791667 
0.016000 36.241319 
0.012000 31.604167 
0.012000 33.000000 
0.012000 32.812500 
0.011000 33.129085 
0.011000 30.004085 
0.013000 33.000000 
0.013000 33.116319 
0.013000 32.945261 
0.011000 32.604167 
0.011000 32.822327 
0.011000 32.335993 
0.011000 35.000000 
0.011000 34.812500 
0.014000 34.395833 
0.014000 32.604167 
0.011000 35.791667 
0.011000 34.812500 
0.011000 35.000000 
0.013000 34.583333 
0.013000 34.812500 
0.012000 35.000000 
0.012000 35.000000 
0.012000 35.000000 
0.013000 34.791667 
0.013000 35.000000 
0.012000 35.000000 
0.012000 35.000000 
0.012000 35.000000 
0.010000 35.000000 
0.010000 35.000000 
0.012000 35.000000 
0.012000 35.000000 
0.012000 35.000000 
0.012000 35.000000 
0.012000 35.000000 
0.012000 35.000000 
0.012000 35.000000 
0.012000 35.000000 
0.012000 34.906046 
0.012000 35.097789 
0.012000 35.000000 
0.012000 35.000000 
0.012000 35.000000 
0.011000 35.000000 
0.011000 35.000000 
0.011000 35.000000 
0.011000 35.000000 
0.011000 34.906915 
0.013000 35.082547 
0.013000 34.787326 
0.011000 35.000000 
0.011000 35.000000 
0.011000 35.000000 
0.011000 35.000000 
0.011000 35.000000 
0.011000 35.000000 
0.011000 35.000000 
0.011000 34.812500 
0.010000 35.089869 
0.010000 34.812500 
0.012000 35.000000 
0.012000 35.000000 
0.012000 34.791667 
0.013000 35.208333 
0.013000 34.791667 
0.011000 35.000000 
0.011000 35.000000 
0.011000 35.000000 
0.010000 34.906046 
0.010000 35.000000 
0.012000 34.545455 
0.012000 47.950269 
0.011000 35.110294 
0.011000 34.906046 
0.011000 35.000000 
0.011000 35.000000 
0.011000 32.822327 
0.012000 36.170213 
0.012000 34.791667 
0.011000 35.000000 
0.011000 35.000000 
0.011000 35.000000 
0.011000 35.000000 
0.011000 35.000000 
0.018000 35.000000 
0.018000 35.208333 
0.018000 34.791667 
0.012000 35.000000 
0.012000 35.000000 
0.012000 35.000000 
0.012000 35.000000 
0.012000 35.004340 
0.011000 34.995994 
0.011000 35.004340 
0.010000 35.000000 
0.010000 35.000000 
0.010000 35.000000 
0.010000 35.000000 
0.010000 35.011574 
0.010000 34.884752 
0.010000 35.000000 
0.010000 35.000000 
0.011000 35.000000 
0.011000 35.000000 
0.011000 35.000000 
0.012000 35.000000 
0.012000 35.000000 
0.012000 35.000000 
0.012000 35.000000 
0.012000 35.000000 
0.010000 35.000000 
0.010000 35.000000 
0.010000 35.000000 
0.010000 35.000000 
0.010000 35.000000 
0.011000 35.000000 
0.011000 35.000000 
0.010000 35.000000 
0.010000 35.000000 
0.010000 35.097789 
0.012000 35.000000 
0.012000 34.906046 
0.012000 35.097789 
0.012000 34.906046 
0.012000 35.097789 
0.011000 31.000000 
0.011000 30.395833 
0.012000 30.604167 
0.012000 30.984477 
0.012000 32.000000 
0.013000 31.395833 
0.013000 31.845238 
0.012000 32.791667 
0.012000 31.812500 
0.012000 33.721405 
0.012000 34.395833 
0.012000 34.604167 
0.010000 34.109477 
0.010000 34.208333 
0.010000 34.791667 
0.010000 34.812500 
0.010000 34.791667 
0.012000 34.395833 
0.012000 34.812500 
0.012000 35.000000 
0.011000 34.583333 
0.011000 34.812500 
0.011000 34.604167 
0.011000 35.000000 
0.011000 35.000000 
0.010000 34.701797 
0.010000 34.885204 
0.014000 35.000000 
0.014000 34.722222 
0.014000 35.097789 
0.011000 34.693878 
0.011000 35.000000 
0.012000 35.000000 
0.012000 35.000000 
0.012000 34.791667 
0.012000 35.000000 
0.012000 34.906463 
0.011000 35.000000 
0.011000 35.089869 
0.011000 34.812500 
0.011000 35.000000 
0.011000 35.000000 
0.013000 34.791667 
0.013000 35.000000 
0.013000 35.000000 
0.011000 35.000000 
0.011000 35.000000 
0.011000 34.906463 
0.011000 35.000000 
0.011000 34.885621 
0.011000 35.000000 
0.011000 34.906463 
0.010000 35.000000 
0.010000 35.000000 
0.010000 35.000000 
0.011000 35.000000 
0.011000 35.000000 
0.012000 35.000000 
0.012000 35.000000 
0.012000 35.000000 
0.014000 34.815705 
0.014000 34.791667 
0.014000 35.000000 
0.014000 35.000000 
0.014000 35.000000 
0.012000 35.000000 
0.012000 35.000000 
0.011000 34.906046 
0.011000 35.000000 
0.011000 35.000000 
0.012000 35.000000 
0.012000 35.106383 
0.011000 34.906046 
0.011000 34.885621 
0.011000 35.000000 
0.012000 35.000000 
0.012000 35.000000 
0.011000 35.000000 
0.011000 35.000000 
0.011000 35.000000 
0.013000 35.000000 
0.013000 35.000000 
0.011000 35.000000 
0.011000 35.000000 
0.011000 35.000000 
0.010000 35.000000 
0.010000 35.000000 
0.011000 35.000000 
0.011000 35.000000 
0.011000 35.000000 
0.011000 35.000000 
0.011000 35.000000 
0.013000 35.000000 
0.013000 35.000000 
0.013000 35.000000 
0.011000 35.000000 
0.011000 35.000000 
0.011000 35.000000 
0.011000 35.000000 
0.011000 35.000000 
0.010000 35.110294 
0.010000 34.885204 
0.012000 35.000000 
0.012000 35.000000 
0.012000 35.000000 
0.011000 35.110294 
0.011000 35.000000 
0.012000 34.885204 
0.012000 35.110294 
0.012000 34.885204 
0.011000 35.000000 
0.011000 35.000000 
0.013000 35.000000 
0.013000 35.000000 
0.013000 35.000000 
0.012000 35.000000 
0.012000 35.000000 
0.012000 35.000000 
0.012000 35.000000 
0.012000 35.004340 
0.011000 35.000000 
0.011000 35.110294 
0.012000 34.885621 
0.012000 35.000000 
0.012000 35.000000 
0.011000 35.000000 
0.011000 35.000000 
0.012000 35.000000 
0.012000 35.000000 
0.012000 35.004340 
0.012000 35.000000 
0.012000 35.110294 
0.013000 34.885621 
0.013000 35.000000 
0.013000 35.000000 
0.012000 35.000000 
0.012000 35.000000 
0.010000 35.000000 
0.010000 35.000000 
0.010000 36.416667 
0.011000 36.070261 
0.011000 35.000000 
0.011000 34.395833 
0.011000 32.000000 
0.011000 31.812500 
0.013000 34.187500 
0.013000 33.208333 
0.010000 34.000000 
0.010000 33.000000 
0.010000 34.395833 
0.013000 33.791667 
0.013000 34.416667 
0.011000 34.583333 
0.011000 34.208333 
0.011000 35.000000 
0.012000 34.604167 
0.012000 35.000000 
0.011000 34.787326 
0.011000 34.791667 
0.011000 34.812500 
0.012000 35.000000 
0.012000 34.791667 
0.011000 34.812500 
0.011000 34.791667 
0.011000 34.791667 
0.011000 35.110294 
0.011000 34.701797 
0.013000 35.000000 
0.013000 35.000000 
0.013000 34.791667 
0.012000 35.000000 
0.012000 35.000000 
0.013000 34.812500 
0.013000 35.000000 
0.013000 35.000000 
0.011000 35.000000 
0.011000 34.791667 
0.011000 35.208333 
0.011000 34.791667 
0.011000 34.592014 
0.011000 35.000000 
0.011000 35.000000 
0.011000 35.089869 
0.012000 35.000000 
0.012000 34.906046 
0.010000 34.906463 
0.010000 34.885621 
0.010000 35.000000 
0.011000 35.000000 
0.011000 35.208333 
0.011000 34.791667 
0.011000 35.000000 
0.011000 35.000000 
0.012000 35.000000 
0.012000 35.000000 
0.010000 35.000000 
0.010000 35.000000 
0.010000 34.812500 
0.012000 35.000000 
0.012000 35.000000 
0.013000 35.000000 
0.013000 34.906046 
0.013000 35.097789 
0.011000 35.000000 
0.011000 35.000000 
0.011000 34.906046 
0.011000 35.097789 
0.011000 35.000000 
0.011000 35.000000 
0.011000 34.791667 
0.012000 35.000000 
0.012000 35.000000 
0.012000 35.000000 
0.012000 35.000000 
0.012000 35.000000 
0.011000 35.000000 
0.011000 35.000000 
0.011000 35.000000 
0.011000 35.000000 
0.011000 35.000000 
0.012000 35.000000 
0.012000 35.000000 
0.012000 35.000000 
0.010000 35.000000 
0.010000 35.000000 
0.012000 35.004340 
0.012000 34.906463 
0.012000 35.089869 
0.011000 34.905660 
0.011000 35.097789 
0.012000 34.906915 
0.012000 35.000000 
0.012000 35.089869 
0.011000 34.906046 
0.011000 35.000000 
0.010000 34.906046 
0.010000 35.000000 
0.010000 35.000000 
0.012000 35.000000 
0.012000 35.000000 
0.010000 35.000000 
0.010000 35.000000 
0.010000 35.000000 
0.015000 35.000000 
0.015000 35.000000 
0.012000 34.982639 
0.012000 35.102201 
0.012000 34.884752 
0.012000 35.000000 
0.012000 35.000000 
0.011000 35.110294 
0.011000 35.000000 
0.011000 35.000000 
0.012000 35.000000 
0.012000 35.000000 
0.011000 35.000000 
0.011000 34.906046 
0.011000 35.000000 
0.011000 35.000000 
0.011000 35.000000 
0.011000 35.000000 
0.011000 35.000000 
0.011000 35.000000 
0.011000 35.000000 
0.011000 35.000000 
0.013000 35.000000 
0.013000 35.000000 
0.012000 34.938725 
0.012000 35.080128 
0.013000 36.000000 
0.013000 36.000000 
0.022000 30.575980 
0.022000 40.821078 
0.017000 39.230769 
0.017000 31.037415 
0.017000 30.187908 
0.011000 31.632653 
0.011000 30.568910 
0.014000 30.642361 
0.014000 32.111378 
0.014000 31.879340 
0.010000 34.157986 
0.010000 34.000000 
0.011000 31.964869 
0.011000 31.187500 
0.011000 32.812500 
0.013000 33.517157 
0.013000 32.000000 
0.013000 32.604167 
0.013000 34.693878 
0.013000 33.604167 
0.011000 32.741013 
0.011000 33.208333 
0.013000 34.000000 
0.013000 22.791667 
0.013000 22.604167 
0.011000 26.530612 
0.011000 24.208333 
0.011000 25.583333 
0.011000 26.258681 
0.011000 34.395833 
0.013000 34.812500 
0.013000 34.791667 
0.012000 35.000000 
0.012000 34.701797 
0.012000 35.000000 
0.011000 34.812500 
0.011000 35.000000 
0.011000 34.885621 
0.011000 35.000000 
0.011000 34.906463 
0.011000 34.791667 
0.011000 35.000000 
0.011000 34.812500 
0.010000 35.004340 
0.010000 34.795673 
0.011000 34.906463 
0.011000 34.715909 
0.011000 34.685284 
0.011000 34.906463 
0.011000 35.000000 
0.012000 35.000000 
0.012000 35.000000 
0.012000 34.906046 
0.011000 34.885204 
0.011000 34.906046 
0.011000 35.000000 
0.011000 35.000000 
0.011000 35.000000 
0.012000 35.000000 
0.012000 35.000000 
0.012000 34.906463 
0.012000 35.089869 
0.012000 36.208333 
0.011000 34.885204 
0.011000 36.274510 
0.011000 35.000000 
0.011000 35.000000 
0.011000 35.000000 
0.012000 35.000000 
0.012000 35.000000 
0.012000 35.000000 
0.012000 35.000000 
0.012000 35.000000 
0.014000 35.000000 
0.014000 38.395833 
0.012000 47.604167 
0.012000 40.004433 
0.012000 40.000000 
0.011000 40.000000 
0.011000 39.991830 
0.013000 39.812500 
0.013000 41.187500 
0.013000 37.663399 
0.015000 36.000000 
0.015000 35.000000 
0.013000 35.000000 
0.013000 35.130719 
0.013000 34.863946 
0.012000 35.000000 
0.012000 35.000000 
0.011000 35.000000 
0.011000 35.000000 
0.011000 35.000000 
0.011000 35.000000 
0.011000 35.000000 
0.011000 35.000000 
0.011000 35.000000 
0.011000 35.000000 
0.012000 35.000000 
0.012000 35.000000 
0.018000 35.056090 
0.018000 35.000000 
0.015000 34.939236 
0.015000 35.037879 
0.011000 34.926471 
0.011000 35.000000 
0.011000 35.000000 
0.013000 35.000000 
0.013000 34.886006 
0.013000 35.017730 
0.010000 35.000000 
0.010000 35.000000 
0.014000 35.000000 
0.014000 35.000000 
0.014000 35.000000 
0.010000 35.000000 
0.010000 35.000000 
0.011000 35.000000 
0.011000 34.583333 
0.011000 36.777211 
0.011000 35.130719 
0.011000 34.863946 
0.014000 35.000000 
0.014000 35.000000 
0.014000 34.939236 
0.011000 35.000000 
0.011000 35.000000 
0.011000 35.130719 
0.011000 34.926471 
0.011000 35.000000 
0.010000 34.926471 
0.010000 30.208333 
0.021000 30.000000 
0.021000 29.791667 
0.021000 30.000000 
0.012000 30.000000 
0.012000 30.416667 
0.013000 30.208333 
0.013000 30.625000 
0.013000 30.208333 
0.011000 32.500000 
0.011000 31.250000 
0.013000 31.032986 
0.013000 33.541667 
0.013000 33.052885 
