0.012000 52.791667 
0.012000 52.604167 
0.012000 50.604167 
0.010000 51.828231 
0.010000 51.184641 
0.010000 51.208333 
0.010000 52.000000 
0.010000 51.756536 
0.010000 51.258681 
0.010000 53.125000 
0.011000 52.208333 
0.011000 52.000000 
0.011000 52.395833 
0.010000 52.395833 
0.010000 52.395833 
0.011000 51.208333 
0.011000 54.000000 
0.011000 51.791667 
0.009000 52.465986 
0.009000 53.513072 
0.012000 52.812500 
0.012000 53.187500 
0.012000 52.604167 
0.011000 52.812500 
0.011000 52.583333 
0.011000 51.416667 
0.011000 53.791667 
0.011000 53.791667 
0.012000 54.000000 
0.012000 53.208333 
0.012000 53.604167 
0.012000 53.604167 
0.012000 54.395833 
0.011000 55.000000 
0.011000 54.187500 
0.010000 53.604167 
0.010000 53.208333 
0.010000 54.395833 
0.010000 52.791667 
0.010000 53.812500 
0.010000 54.000000 
0.010000 55.395833 
0.010000 54.081633 
0.011000 54.125817 
0.011000 54.791667 
0.011000 54.604167 
0.011000 53.791667 
0.011000 55.604167 
0.010000 54.791667 
0.010000 55.000000 
0.011000 54.812500 
0.011000 55.791667 
0.011000 55.208333 
0.011000 55.791667 
0.011000 55.604167 
0.011000 54.791667 
0.011000 54.000000 
0.011000 56.604167 
0.013000 55.000000 
0.013000 56.738946 
0.011000 55.494281 
0.011000 56.395833 
0.011000 56.000000 
0.010000 55.395833 
0.010000 56.208333 
0.010000 56.604167 
0.010000 55.000000 
0.010000 55.909864 
0.012000 56.086601 
0.012000 56.395833 
0.011000 55.187500 
0.011000 55.416667 
0.011000 57.791667 
0.011000 58.395833 
0.011000 56.395833 
0.010000 57.355442 
0.010000 55.882353 
0.010000 58.208333 
0.010000 56.395833 
0.010000 56.395833 
0.011000 57.000000 
0.011000 56.604167 
0.011000 57.395833 
0.011000 56.658497 
0.011000 56.738946 
0.010000 57.000000 
0.010000 56.812500 
0.010000 59.000000 
0.011000 59.187500 
0.011000 58.604167 
0.011000 58.208333 
0.011000 57.395833 
0.011000 57.791667 
0.012000 58.000000 
0.012000 56.604167 
0.010000 59.000000 
0.010000 60.395833 
0.010000 59.208333 
0.011000 58.000000 
0.011000 57.950680 
0.010000 59.027778 
0.010000 57.791667 
0.010000 58.231209 
0.014000 58.779762 
0.014000 58.395833 
0.012000 60.812500 
0.012000 60.204082 
0.012000 57.046569 
0.012000 59.416667 
0.012000 59.791667 
0.010000 58.208333 
0.010000 58.791667 
0.010000 59.604167 
0.010000 59.604167 
0.010000 60.187500 
0.011000 58.604167 
0.011000 58.000000 
0.011000 60.000000 
0.011000 58.791667 
0.011000 58.416667 
0.012000 59.778912 
0.012000 60.988562 
0.012000 59.604167 
0.010000 59.791667 
0.010000 59.812500 
0.014000 62.583333 
0.014000 61.604167 
0.014000 59.396259 
0.009000 60.784314 
0.009000 61.395833 
0.011000 60.395833 
0.011000 59.395833 
0.011000 61.000000 
0.010000 60.000000 
0.010000 60.820578 
0.010000 61.968954 
0.010000 60.820578 
0.010000 61.172386 
0.010000 60.187500 
0.010000 61.812500 
0.010000 60.395833 
0.010000 61.395833 
0.010000 62.648810 
0.010000 62.357026 
0.010000 62.208333 
0.011000 61.187500 
0.011000 60.812500 
0.011000 60.791667 
0.011000 62.395833 
0.011000 61.208333 
0.011000 61.208333 
0.011000 62.000000 
0.011000 62.000000 
0.010000 62.000000 
0.010000 63.395833 
0.010000 62.395833 
0.010000 62.395833 
0.010000 63.208333 
0.010000 62.604167 
0.010000 63.187500 
0.010000 63.812500 
0.010000 62.583333 
0.010000 62.208333 
0.009000 63.604167 
0.009000 64.395833 
0.010000 62.791667 
0.010000 62.208333 
0.010000 63.208333 
0.010000 63.583333 
0.010000 64.208333 
0.012000 64.000000 
0.012000 63.791667 
0.012000 63.416667 
0.010000 63.000000 
0.010000 63.395833 
0.010000 64.000000 
0.010000 63.395833 
0.010000 65.000000 
0.010000 63.395833 
0.010000 62.395833 
0.011000 64.285714 
0.011000 64.317810 
0.011000 63.208333 
0.011000 64.791667 
0.011000 63.395833 
0.010000 64.416667 
0.010000 63.583333 
0.010000 64.498299 
0.010000 63.337418 
0.010000 63.791667 
0.010000 64.395833 
0.010000 63.604167 
0.010000 64.208333 
0.009000 59.007353 
0.009000 53.677721 
0.012000 54.812500 
0.012000 55.395833 
0.012000 55.395833 
0.013000 55.395833 
0.013000 55.000000 
0.012000 57.066993 
0.012000 57.395833 
0.012000 56.395833 
0.012000 55.718537 
0.012000 56.604167 
0.011000 56.474673 
0.011000 56.122449 
0.011000 56.454248 
0.011000 57.208333 
0.011000 56.208333 
0.011000 55.791667 
0.011000 55.718537 
0.011000 56.187500 
0.010000 56.604167 
0.010000 55.208333 
0.010000 57.046569 
0.010000 56.604167 
0.010000 57.208333 
0.010000 57.334184 
0.010000 57.208333 
0.010000 56.604167 
0.010000 57.000000 
0.010000 56.658497 
0.011000 58.567177 
0.011000 57.455065 
0.012000 57.812500 
0.012000 57.142857 
0.012000 56.791667 
0.013000 57.395833 
0.013000 57.208333 
0.010000 58.000000 
0.010000 58.000000 
0.010000 58.231209 
0.011000 57.950680 
0.011000 58.812500 
0.013000 56.791667 
0.013000 57.208333 
0.013000 59.007353 
0.010000 58.992347 
0.010000 59.599673 
0.013000 60.208333 
0.013000 58.971088 
0.013000 57.000000 
0.011000 58.395833 
0.011000 58.208333 
0.010000 58.395833 
0.010000 58.812500 
0.010000 59.803922 
0.013000 59.991497 
0.013000 60.208333 
0.015000 59.000000 
0.015000 59.000000 
0.015000 59.000000 
0.010000 59.583333 
0.010000 59.000000 
0.013000 59.620098 
0.013000 59.183673 
0.013000 61.000000 
0.010000 59.791667 
0.010000 60.008170 
0.011000 59.395833 
0.011000 59.396259 
0.011000 59.395833 
0.011000 60.395833 
0.011000 60.395833 
0.016000 60.812500 
0.016000 60.791667 
0.016000 59.395833 
0.010000 62.208333 
0.010000 60.395833 
0.016000 59.803922 
0.016000 61.011905 
0.016000 59.416667 
0.026000 62.791667 
0.026000 60.604167 
0.026000 61.791667 
0.010000 60.396242 
0.010000 60.395833 
0.011000 61.812500 
0.011000 60.799320 
0.011000 60.208333 
0.010000 62.791667 
0.010000 60.604167 
0.009000 61.208333 
0.009000 61.376634 
0.009000 61.000000 
0.010000 60.799320 
0.010000 61.000000 
0.013000 62.812500 
0.013000 62.791667 
0.013000 61.604167 
0.011000 61.560458 
0.011000 61.224490 
0.011000 61.416667 
0.011000 62.791667 
0.011000 62.604167 
0.010000 64.187500 
0.010000 63.000000 
0.010000 63.812500 
0.010000 63.337418 
0.010000 61.000000 
0.011000 62.244898 
0.011000 63.000000 
0.010000 64.000000 
0.010000 63.395833 
0.010000 63.133170 
0.012000 63.669218 
0.012000 62.152778 
0.010000 62.500000 
0.010000 63.125000 
0.010000 61.875000 
0.013000 62.083333 
0.013000 62.291667 
0.010000 63.958333 
0.010000 62.500000 
0.010000 63.958333 
0.009000 61.887255 
0.009000 64.200680 
0.013000 63.125000 
0.013000 63.316993 
0.013000 63.541667 
0.011000 62.708333 
0.011000 63.750000 
0.010000 63.541667 
0.010000 63.562925 
0.010000 64.166667 
0.011000 64.166667 
0.011000 63.333333 
0.012000 63.125000 
0.012000 64.746732 
0.012000 63.125000 
0.010000 64.413265 
0.010000 63.958333 
0.011000 64.166667 
0.011000 64.583333 
0.011000 63.541667 
0.011000 64.338235 
0.011000 64.375000 
0.010000 64.413265 
0.010000 63.958333 
0.010000 63.750000 
0.010000 64.583333 
0.010000 64.791667 
0.013000 64.133987 
0.013000 64.413265 
0.013000 65.000000 
0.011000 64.583333 
0.011000 63.958333 
0.011000 63.958333 
0.011000 63.958333 
0.011000 63.541667 
0.013000 64.133987 
0.013000 65.000000 
0.011000 64.583333 
0.011000 64.200680 
0.011000 63.958333 
0.012000 64.338235 
0.012000 63.988095 
0.010000 62.083333 
0.010000 56.372549 
0.010000 56.041667 
0.011000 55.208333 
0.011000 56.458333 
0.012000 55.625000 
0.012000 55.625000 
0.012000 55.208333 
0.012000 56.458333 
0.012000 55.833333 
0.011000 56.760204 
0.011000 56.985294 
0.011000 56.250000 
0.015000 57.500000 
0.015000 56.666667 
0.011000 56.250000 
0.011000 55.833333 
0.011000 56.041667 
0.010000 59.098639 
0.010000 58.210784 
0.012000 56.875000 
0.012000 57.083333 
0.012000 57.500000 
0.011000 57.708333 
0.011000 56.875000 
0.009000 58.958333 
0.009000 58.958333 
0.009000 58.125000 
0.010000 57.083333 
0.010000 58.333333 
0.010000 58.750000 
0.010000 57.291667 
0.010000 59.166667 
0.010000 58.333333 
0.010000 59.311224 
0.011000 59.844771 
0.011000 58.958333 
0.011000 60.000000 
0.012000 58.541667 
0.012000 57.916667 
0.012000 57.725694 
0.012000 57.892628 
0.012000 58.673469 
0.010000 59.844771 
0.010000 59.375000 
0.014000 59.375000 
0.014000 59.375000 
0.014000 59.375000 
0.010000 58.125000 
0.010000 58.541667 
0.012000 59.791667 
0.012000 60.208333 
0.012000 59.583333 
0.013000 59.166667 
0.013000 58.333333 
0.014000 59.948980 
0.014000 58.210784 
0.014000 58.886054 
0.011000 60.253268 
0.011000 60.416667 
0.012000 60.416667 
0.012000 60.208333 
0.012000 60.000000 
0.010000 61.250000 
0.010000 60.416667 
0.011000 61.875000 
0.011000 60.416667 
0.011000 60.833333 
0.011000 60.208333 
0.011000 60.000000 
0.012000 60.416667 
0.012000 61.250000 
0.012000 61.041667 
0.011000 61.041667 
0.011000 61.041667 
0.011000 62.708333 
0.011000 61.666667 
0.011000 61.250000 
0.011000 62.500000 
0.011000 61.862245 
0.011000 61.666667 
0.011000 61.683007 
0.011000 61.458333 
0.011000 62.291667 
0.011000 61.250000 
0.010000 61.458333 
0.010000 61.875000 
0.010000 63.137755 
0.010000 62.091503 
0.010000 61.875000 
0.011000 64.166667 
0.011000 62.083333 
0.011000 63.333333 
0.010000 62.925170 
0.010000 62.500000 
0.011000 62.500000 
0.011000 62.708333 
0.011000 63.125000 
0.010000 62.916667 
0.010000 64.375000 
0.012000 62.708333 
0.012000 64.200680 
0.012000 63.958333 
0.011000 62.291667 
0.011000 63.725490 
0.009000 62.916667 
0.009000 62.291667 
0.009000 63.125000 
0.011000 63.541667 
0.011000 63.125000 
0.011000 63.958333 
0.011000 63.958333 
0.011000 64.166667 
0.009000 62.708333 
0.009000 64.583333 
0.010000 63.562925 
0.010000 63.316993 
0.010000 63.958333 
0.014000 64.166667 
0.014000 63.958333 
0.012000 63.333333 
0.012000 63.333333 
0.012000 65.000000 
0.011000 63.750000 
0.011000 64.375000 
0.011000 63.541667 
0.011000 62.708333 
0.011000 63.750000 
0.011000 63.333333 
0.011000 64.338235 
0.010000 64.625850 
0.010000 64.375000 
0.010000 63.750000 
0.010000 63.958333 
0.010000 63.750000 
0.012000 64.791667 
0.012000 63.750000 
0.012000 63.958333 
0.010000 64.583333 
0.010000 65.416667 
0.010000 64.583333 
0.010000 49.791667 
0.010000 46.364379 
0.013000 45.625000 
0.013000 55.059524 
0.012000 55.964052 
0.012000 56.335034 
0.012000 56.458333 
0.009000 56.666667 
0.009000 56.666667 
0.010000 56.041667 
0.010000 56.041667 
0.010000 57.500000 
0.011000 57.189542 
0.011000 55.909864 
0.011000 57.500000 
0.011000 56.576797 
0.011000 56.041667 
0.011000 56.547619 
0.011000 57.189542 
0.010000 56.458333 
0.010000 56.760204 
0.010000 58.750000 
0.011000 57.291667 
0.011000 57.500000 
0.010000 58.750000 
0.010000 57.708333 
0.010000 58.248299 
0.011000 57.802288 
0.011000 57.916667 
0.011000 58.125000 
0.011000 57.708333 
0.011000 58.958333 
0.011000 59.375000 
0.011000 57.598039 
0.011000 57.823129 
0.011000 58.619281 
0.011000 59.311224 
0.011000 58.125000 
0.011000 59.375000 
0.009000 58.333333 
0.009000 59.583333 
0.009000 58.958333 
0.012000 58.958333 
0.012000 58.333333 
0.011000 58.541667 
0.011000 59.166667 
0.011000 59.375000 
0.011000 58.958333 
0.011000 58.958333 
0.011000 59.640523 
0.011000 60.374150 
0.011000 58.958333 
0.010000 59.166667 
0.010000 62.083333 
0.012000 60.833333 
0.012000 58.958333 
0.012000 60.208333 
0.011000 60.208333 
0.011000 60.208333 
0.011000 60.625000 
0.011000 60.416667 
0.011000 62.083333 
0.015000 62.291667 
0.015000 61.478758 
0.010000 61.250000 
0.010000 61.458333 
0.010000 62.074830 
0.010000 62.708333 
0.010000 61.683007 
0.011000 60.833333 
0.011000 61.250000 
0.011000 62.083333 
0.011000 61.666667 
0.011000 61.224490 
0.011000 60.000000 
0.011000 62.291667 
0.011000 62.083333 
0.011000 62.083333 
0.011000 61.666667 
0.012000 62.083333 
0.012000 62.704248 
0.012000 63.562925 
0.013000 61.041667 
0.013000 61.887255 
0.012000 61.862245 
0.012000 63.521242 
0.012000 62.500000 
0.011000 62.708333 
0.011000 62.500000 
0.011000 62.916667 
0.011000 62.916667 
0.011000 62.916667 
0.010000 62.500000 
0.010000 60.866013 
0.014000 53.308824 
0.014000 53.385417 
0.014000 52.291667 
0.010000 52.696078 
0.010000 53.541667 
0.010000 53.996599 
0.010000 53.513072 
0.010000 55.208333 
