0.014000 42.500000 
0.014000 42.000000 
0.014000 42.000000 
0.019000 42.000000 
0.019000 41.559322 
0.015000 41.596774 
0.015000 41.783333 
0.015000 40.305085 
0.017000 39.000000 
0.017000 39.000000 
0.014000 39.000000 
0.014000 39.019231 
0.014000 40.000000 
0.013000 40.720000 
0.013000 41.000000 
0.021000 41.000000 
0.021000 41.000000 
0.021000 41.150000 
0.014000 41.300000 
0.014000 41.450000 
0.012000 41.633333 
0.012000 41.354839 
0.012000 41.000000 
0.017000 40.900000 
0.017000 40.131148 
0.013000 40.000000 
0.013000 40.050000 
0.013000 40.000000 
0.013000 40.000000 
0.013000 40.100000 
0.011000 40.983333 
0.011000 41.600000 
0.011000 41.049180 
0.011000 41.736842 
0.011000 42.053571 
0.012000 42.100000 
0.012000 42.638298 
0.012000 43.355932 
0.020000 43.000000 
0.020000 43.000000 
0.013000 42.716667 
0.013000 42.218182 
0.013000 43.559322 
0.011000 43.019608 
0.011000 43.186441 
0.014000 42.661290 
0.014000 41.557377 
0.014000 40.883333 
0.019000 40.500000 
0.019000 40.409836 
0.014000 40.783333 
0.014000 40.793651 
0.014000 40.620690 
0.011000 41.000000 
0.011000 41.000000 
0.010000 41.066667 
0.010000 41.672131 
0.010000 42.573770 
0.010000 41.639344 
0.010000 41.716667 
0.010000 41.603448 
