0.010000 39.733333 
0.010000 39.450000 
0.010000 40.050000 
0.010000 40.000000 
0.010000 40.150000 
0.013000 40.283333 
0.013000 39.438596 
0.013000 39.000000 
0.017000 37.150000 
0.017000 37.377049 
0.011000 38.241935 
0.011000 39.000000 
0.011000 38.950000 
0.010000 39.000000 
0.010000 38.830508 
0.010000 38.311475 
0.010000 39.000000 
0.010000 39.000000 
0.014000 39.000000 
0.014000 39.000000 
0.011000 39.000000 
0.011000 38.300000 
0.011000 38.000000 
0.010000 36.719298 
0.010000 36.032787 
0.011000 37.216667 
0.011000 37.050000 
0.011000 37.114754 
0.010000 36.426230 
0.010000 38.666667 
0.016000 39.067797 
0.016000 40.639344 
0.016000 41.000000 
0.011000 41.000000 
0.011000 41.000000 
0.010000 41.032787 
0.010000 41.050000 
0.010000 41.116667 
0.010000 41.081967 
0.010000 41.152542 
0.010000 41.000000 
0.010000 40.083333 
0.010000 39.483333 
0.010000 39.721311 
0.010000 39.250000 
0.010000 39.000000 
0.010000 39.000000 
0.010000 39.966667 
0.013000 40.050000 
0.013000 40.950000 
0.013000 41.000000 
0.019000 40.507937 
0.019000 40.637931 
0.010000 41.193548 
0.010000 41.216667 
0.010000 41.966102 
0.010000 41.866667 
0.010000 40.700000 
0.010000 40.200000 
0.010000 40.000000 
0.011000 40.034483 
