0.011000 42.395833 
0.011000 39.795918 
0.011000 39.395833 
0.014000 39.423077 
0.014000 41.604167 
0.013000 41.187500 
0.013000 41.059028 
0.013000 41.583333 
0.011000 39.823718 
0.011000 39.583333 
0.013000 41.564542 
0.013000 39.208333 
0.013000 40.187500 
0.015000 40.208333 
0.015000 41.208333 
0.010000 41.688830 
0.010000 40.992647 
0.010000 41.583333 
0.010000 42.208333 
0.010000 40.584936 
0.012000 40.820312 
0.012000 41.432823 
0.012000 41.927083 
0.013000 41.187500 
0.013000 40.416667 
0.011000 40.972222 
0.011000 40.395833 
0.011000 42.708333 
0.011000 43.088942 
0.011000 41.007653 
0.013000 41.768791 
0.013000 41.883681 
0.013000 43.791667 
0.014000 40.584150 
0.014000 41.604167 
0.012000 42.049320 
0.012000 42.156863 
0.012000 41.791667 
0.011000 42.791667 
0.011000 43.729575 
0.009000 42.812500 
0.009000 43.187500 
0.009000 41.812500 
0.010000 42.078993 
0.010000 43.068910 
0.015000 43.554688 
0.015000 42.395833 
0.015000 44.505719 
0.010000 44.117647 
0.010000 45.208333 
0.011000 44.583333 
0.011000 43.617021 
0.011000 44.709967 
0.010000 43.933824 
0.010000 45.486111 
0.013000 45.000000 
0.013000 44.791667 
0.013000 45.000000 
0.012000 44.090136 
0.012000 44.395833 
0.010000 43.913399 
