1590060564.040183783 0.400730369 72 
1590060564.138796568 0.098612686 72 
1590060564.638770580 0.499974091 72 
1590060564.862029552 0.223258886 108 
1590060565.039742947 0.177713475 72 
1590060565.138237238 0.098494324 72 
1590060565.440190315 0.301953022 104 
1590060565.638610363 0.198420086 72 
1590060566.041146994 0.402536599 72 
1590060566.138833284 0.097686276 72 
1590060566.638649702 0.499816492 72 
1590060567.041844845 0.403195078 72 
1590060567.138121367 0.096276542 72 
1590060567.363369703 0.225248276 108 
1590060567.639793634 0.276423932 72 
1590060567.942362547 0.302569073 104 
1590060568.040073395 0.097710772 72 
1590060568.138181210 0.098107822 72 
1590060568.638610125 0.500428836 72 
1590060569.040220976 0.401611028 72 
1590060569.138062716 0.097841599 72 
1590060569.638499498 0.500436902 72 
1590060569.868182659 0.229682981 108 
1590060570.040010691 0.171828148 72 
1590060570.138493538 0.098482945 72 
1590060570.447397709 0.308904166 104 
1590060570.638350487 0.190952749 72 
1590060571.043025732 0.404675181 72 
1590060571.142420292 0.099394642 72 
1590060571.638246536 0.495826118 72 
1590060572.039984703 0.401738273 72 
1590060572.138423443 0.098438581 72 
1590060572.371622086 0.233198645 108 
1590060572.637990236 0.266368147 72 
1590060572.948873281 0.310883161 104 
1590060573.040313482 0.091440246 72 
1590060573.138167620 0.097854121 72 
1590060573.638571978 0.500404395 72 
1590060574.042815685 0.404243495 72 
1590060574.138530970 0.095715372 72 
1590060574.638442993 0.499911952 72 
1590060574.874300241 0.235857238 108 
1590060575.039892197 0.165592035 72 
1590060575.138751030 0.098858797 72 
1590060575.450714827 0.311963959 104 
1590060575.638386488 0.187671587 72 
1590060576.039726257 0.401339745 72 
1590060576.137769461 0.098043258 72 
1590060576.638439417 0.500669850 72 
1590060577.040377617 0.401938330 72 
1590060577.138642311 0.098264676 72 
1590060577.376384735 0.237742279 108 
1590060577.639084101 0.262699521 72 
1590060577.953631401 0.314547245 104 
1590060578.039983273 0.086351820 72 
1590060578.137951136 0.097967845 72 
1590060578.638745070 0.500794019 72 
1590060579.045318842 0.406573721 72 
1590060579.138662815 0.093343882 72 
1590060579.639742851 0.501080247 72 
1590060579.878062248 0.238319413 108 
1590060580.039721251 0.161658801 72 
1590060580.139132261 0.099411161 72 
1590060580.455858707 0.316726332 104 
1590060580.638674259 0.182815519 72 
1590060581.040537596 0.401863460 72 
1590060581.138946533 0.098408987 72 
1590060581.639291286 0.500344652 72 
1590060582.040068626 0.400777241 72 
1590060582.138864994 0.098796552 72 
1590060582.381584406 0.242719320 108 
1590060582.639184475 0.257600112 72 
1590060582.958417892 0.319233359 104 
1590060583.040394783 0.081976941 72 
1590060583.138560057 0.098165316 72 
1590060583.639953852 0.501393771 72 
1590060584.040374756 0.400420774 72 
1590060584.138790131 0.098415390 72 
1590060584.639040947 0.500250872 72 
1590060584.883133411 0.244092470 108 
1590060585.040530443 0.157396952 72 
1590060585.138973951 0.098443582 72 
1590060585.460162163 0.321188305 104 
1590060585.640233755 0.180071646 72 
1590060586.039973021 0.399739146 72 
1590060586.138712168 0.098739134 72 
1590060586.638941050 0.500228961 72 
1590060587.039929628 0.400988431 72 
1590060587.138844728 0.098915270 72 
1590060587.386585474 0.247740678 108 
1590060587.639930487 0.253345097 72 
1590060587.962123394 0.322192734 104 
1590060588.039800644 0.077677249 72 
1590060588.138443947 0.098643474 72 
1590060588.638600826 0.500156697 72 
1590060589.040400028 0.401799302 72 
1590060589.138357878 0.097957713 72 
1590060589.638324022 0.499966381 72 
1590060589.888882160 0.250558055 108 
1590060590.040590763 0.151708576 72 
1590060590.138352156 0.097761461 72 
1590060590.466126442 0.327774207 104 
1590060590.638139248 0.172012857 72 
1590060591.039952755 0.401813485 72 
1590060591.139107466 0.099154570 72 
1590060591.639086246 0.499978993 72 
1590060592.040367126 0.401280703 72 
1590060592.138971806 0.098604679 72 
1590060592.391561747 0.252590096 108 
1590060592.637924194 0.246362410 72 
1590060592.968171835 0.330247574 104 
1590060593.039893150 0.071721334 72 
1590060593.138494492 0.098601377 72 
1590060593.638299942 0.499805435 72 
1590060594.039752722 0.401452862 72 
