1586959104.969904423 0.280673849 84 
1586959105.189553261 0.219648627 84 
1586959105.206320524 0.016767357 72 
1586959105.689412594 0.483092156 84 
1586959105.969848871 0.280436095 84 
1586959106.189379454 0.219530786 84 
1586959106.689493418 0.500113804 84 
1586959106.969536304 0.280042938 84 
1586959106.997317314 0.027781119 72 
1586959107.189624310 0.192306846 84 
1586959107.689563513 0.499939206 84 
1586959107.712372303 0.022808878 72 
1586959107.970562458 0.258190015 84 
1586959108.189124346 0.218561947 84 
1586959108.688861370 0.499737111 84 
1586959108.970287323 0.281425971 84 
1586959109.189511776 0.219224294 84 
1586959109.499493122 0.309981484 72 
1586959109.689497232 0.190004043 84 
1586959109.970029116 0.280531906 84 
1586959110.189544678 0.219515656 84 
1586959110.212424517 0.022879713 72 
1586959110.689412594 0.476988132 84 
1586959110.970347643 0.280934973 84 
1586959111.189371109 0.219023424 84 
1586959111.689427376 0.500056296 84 
1586959111.970309973 0.280882620 84 
1586959112.003298521 0.032988627 72 
1586959112.189507961 0.186209313 84 
1586959112.689395189 0.499887425 84 
1586959112.719362020 0.029966802 72 
1586959112.970263243 0.250901256 84 
1586959113.189372063 0.219108724 84 
1586959113.689425468 0.500053494 84 
1586959113.970298052 0.280872405 84 
1586959114.189485073 0.219187203 84 
1586959114.506345987 0.316860709 72 
1586959114.689493656 0.183147764 84 
1586959114.969885349 0.280391802 84 
1586959115.189060450 0.219174996 84 
1586959115.221371412 0.032311029 72 
1586959115.689676285 0.468304787 84 
1586959115.970318794 0.280642596 84 
1586959116.189404011 0.219085218 84 
1586959116.689369202 0.499965172 84 
1586959116.970286369 0.280917119 84 
1586959117.013317585 0.043031138 72 
1586959117.188954830 0.175637413 84 
1586959117.689414263 0.500459391 84 
1586959117.726386309 0.036972114 72 
1586959117.970275402 0.243889086 84 
1586959118.188821316 0.218545718 84 
1586959118.689464808 0.500643700 84 
1586959118.970290184 0.280825335 84 
1586959119.188768625 0.218478401 84 
1586959119.514331341 0.325562735 72 
1586959119.689379215 0.175047926 84 
1586959119.969855547 0.280476260 84 
1586959120.189447403 0.219591880 84 
1586959120.227330685 0.037883320 72 
1586959120.689408541 0.462077870 84 
1586959120.970278263 0.280869620 84 
1586959121.189697981 0.219419781 84 
1586959121.689470291 0.499772281 84 
1586959121.970266581 0.280796319 84 
1586959122.015361547 0.045094865 72 
1586959122.189438581 0.174077168 84 
1586959122.689506531 0.500067839 84 
1586959122.728362799 0.038856250 72 
1586959122.970282316 0.241919451 84 
1586959123.189512014 0.219229872 84 
1586959123.689482212 0.499970064 84 
1586959123.970345974 0.280863795 84 
1586959124.189485550 0.219139516 84 
1586959124.518369436 0.328884033 72 
1586959124.689414501 0.171045055 84 
1586959124.969914198 0.280499560 84 
1586959125.189394474 0.219480320 84 
1586959125.233420372 0.044025823 72 
1586959125.688808680 0.455388439 84 
1586959125.970309973 0.281501178 84 
1586959126.189470053 0.219160226 84 
1586959126.689477921 0.500007753 84 
1586959126.970381737 0.280903885 84 
1586959127.019323587 0.048941959 72 
1586959127.188810349 0.169486755 84 
1586959127.689479589 0.500669103 84 
1586959127.734371185 0.044891506 72 
1586959127.970283270 0.235912156 84 
1586959128.188794613 0.218511394 84 
1586959128.689268827 0.500474254 84 
1586959128.970298290 0.281029352 84 
1586959129.189610004 0.219311862 84 
1586959129.521371365 0.331761320 72 
1586959129.689602137 0.168230664 84 
1586959129.969901562 0.280299425 84 
1586959130.189473867 0.219572476 84 
1586959130.236389399 0.046915479 72 
1586959130.688791275 0.452401750 84 
1586959130.970382452 0.281591294 84 
1586959131.189204693 0.218822248 84 
1586959131.689269066 0.500064216 84 
1586959131.970305443 0.281036583 84 
1586959132.023356199 0.053050707 72 
1586959132.189430714 0.166074358 84 
1586959132.689589500 0.500158947 84 
1586959132.738464832 0.048875224 72 
1586959132.970366478 0.231901693 84 
1586959133.189851761 0.219485194 84 
1586959133.689387560 0.499535829 84 
1586959133.970299006 0.280911605 84 
1586959134.188999891 0.218700825 84 
1586959134.533341646 0.344341653 72 
1586959134.688860416 0.155518784 84 
1586959134.969895601 0.281035135 84 
