1587135706.738676786 0.468895990 72 
1587135706.769742966 0.031065996 84 
1587135707.159616947 0.389873940 84 
1587135707.269834518 0.110217737 84 
1587135707.769838333 0.500003689 84 
1587135708.116178989 0.346340699 72 
1587135708.159267902 0.043088904 84 
1587135708.269745111 0.110477352 84 
1587135708.769709826 0.499964686 84 
1587135709.159751177 0.390041184 84 
1587135709.239637852 0.079886792 72 
1587135709.269720554 0.030082579 84 
1587135709.769663811 0.499943465 84 
1587135710.159603357 0.389939418 84 
1587135710.269785643 0.110182244 84 
1587135710.618192911 0.348407237 72 
1587135710.769645691 0.151452926 84 
1587135711.159799099 0.390153292 84 
1587135711.269672394 0.109873334 84 
1587135711.740662575 0.470990117 72 
1587135711.769854784 0.029192276 84 
1587135712.159658194 0.389803510 84 
1587135712.269834757 0.110176485 84 
1587135712.769811392 0.499976707 84 
1587135713.119197607 0.349386161 72 
1587135713.159384251 0.040186544 84 
1587135713.269875765 0.110491474 84 
1587135713.769785643 0.499910029 84 
1587135714.159714460 0.389928861 84 
1587135714.242659807 0.082945220 72 
1587135714.269746304 0.027086448 84 
1587135714.770183563 0.500437435 84 
1587135715.159673929 0.389490408 84 
1587135715.269649982 0.109975852 84 
1587135715.621170998 0.351521205 72 
1587135715.769649506 0.148478515 84 
1587135716.159708738 0.390059168 84 
1587135716.269811153 0.110102484 84 
1587135716.745691538 0.475880300 72 
1587135716.769756556 0.024065080 84 
1587135717.159667015 0.389910379 84 
1587135717.269674063 0.110007142 84 
1587135717.770668507 0.500994332 84 
1587135718.121214151 0.350545700 72 
1587135718.159375668 0.038161459 84 
1587135718.269807577 0.110431971 84 
1587135718.770763874 0.500956302 84 
1587135719.159687042 0.388923110 84 
1587135719.246662855 0.086975779 72 
1587135719.270735979 0.024073090 84 
1587135719.770679951 0.499944150 84 
1587135720.159712076 0.389032121 84 
1587135720.270898342 0.111186170 84 
1587135720.623203039 0.352304600 72 
1587135720.770695210 0.147492346 84 
1587135721.159771681 0.389076320 84 
1587135721.270656824 0.110885117 84 
1587135721.750827789 0.480171026 72 
1587135721.770725965 0.019898136 84 
1587135722.159722805 0.388996812 84 
1587135722.270724535 0.111001906 84 
1587135722.770719051 0.499994333 84 
1587135723.124140978 0.353422128 72 
1587135723.159321308 0.035180170 84 
1587135723.270681620 0.111360437 84 
1587135723.769971132 0.499289352 84 
1587135724.159741640 0.389770605 84 
1587135724.251678705 0.091937167 72 
1587135724.270681858 0.019003003 84 
1587135724.770729065 0.500047284 84 
1587135725.159756184 0.389027032 84 
1587135725.270813227 0.111057109 84 
1587135725.626187801 0.355374501 72 
1587135725.770725727 0.144538015 84 
1587135726.159756184 0.389030537 84 
1587135726.270675182 0.110918917 84 
1587135726.752682447 0.482007128 72 
1587135726.770703077 0.018020678 84 
1587135727.159955263 0.389252319 84 
1587135727.270777225 0.110821968 84 
1587135727.770708799 0.499931562 84 
1587135728.127198935 0.356490053 72 
1587135728.159390688 0.032191883 84 
1587135728.270659924 0.111269110 84 
1587135728.770740747 0.500080913 84 
1587135729.159809589 0.389068676 84 
1587135729.255670547 0.095861049 72 
1587135729.270718575 0.015048112 84 
1587135729.770806313 0.500087724 84 
1587135730.159865618 0.389059322 84 
1587135730.270940781 0.111075168 84 
1587135730.629239082 0.358298204 72 
1587135730.770792007 0.141552973 84 
1587135731.159970045 0.389177961 84 
1587135731.270862579 0.110892648 84 
1587135731.764680386 0.493817648 72 
1587135731.770695448 0.006015049 84 
1587135732.159834862 0.389139499 84 
1587135732.270655632 0.110820809 84 
1587135732.770680666 0.500025018 84 
1587135733.133425474 0.362744746 72 
1587135733.159625053 0.026199589 84 
1587135733.270661354 0.111036343 84 
1587135733.770663261 0.500001978 84 
1587135734.159831762 0.389168473 84 
1587135734.266674757 0.106842961 72 
1587135734.270804167 0.004129505 84 
1587135734.770673752 0.499869583 84 
1587135735.159397364 0.388723420 84 
1587135735.270673275 0.111275995 84 
1587135735.634182692 0.363509418 72 
1587135735.770734310 0.136551496 84 
1587135736.159654379 0.388920189 84 
1587135736.270736456 0.111082063 84 
1587135736.770848751 0.500112200 72 
