1590060528.040033340 0.147989901 84 
1590060528.138099432 0.098065975 84 
1590060528.638108253 0.500008829 84 
1590060529.039966583 0.401858277 84 
1590060529.138099670 0.098133147 84 
1590060529.637754202 0.499654598 84 
1590060529.836059332 0.198305069 72 
1590060530.039376736 0.203317426 84 
1590060530.138109207 0.098732389 84 
1590060530.395040989 0.256931737 72 
1590060530.638128996 0.243088004 84 
1590060531.039891958 0.401762987 84 
1590060531.138194561 0.098302633 84 
1590060531.638083696 0.499889151 84 
1590060532.039800406 0.401716716 84 
1590060532.138109684 0.098309351 84 
1590060532.340077400 0.201967577 72 
1590060532.638218164 0.298140747 84 
1590060532.896016359 0.257798224 72 
1590060533.039692640 0.143676263 84 
1590060533.138180494 0.098487920 84 
1590060533.638135195 0.499954705 84 
1590060534.039731264 0.401595992 84 
1590060534.138154268 0.098423080 84 
1590060534.638082504 0.499928341 84 
1590060534.844114542 0.206031848 72 
1590060535.039245605 0.195131135 84 
1590060535.138140440 0.098894898 84 
1590060535.411035538 0.272895080 72 
1590060535.638038397 0.227002922 84 
1590060536.039763689 0.401725260 84 
1590060536.138155937 0.098392278 84 
1590060536.638144493 0.499988500 84 
1590060537.039734840 0.401590443 84 
1590060537.138149500 0.098414532 84 
1590060537.346059322 0.207909810 72 
1590060537.638165712 0.292106397 84 
1590060537.913173914 0.275008132 72 
1590060538.039629698 0.126455939 84 
1590060538.137844801 0.098215105 84 
1590060538.638126373 0.500281467 84 
1590060539.040128946 0.402002573 84 
1590060539.138167143 0.098038223 84 
1590060539.638159037 0.499992005 84 
1590060539.848073959 0.209914870 72 
1590060540.039246082 0.191172035 84 
1590060540.138165712 0.098919739 84 
1590060540.416023970 0.277858174 72 
1590060540.638168097 0.222144232 84 
1590060541.039591551 0.401423313 84 
1590060541.138151407 0.098559866 84 
1590060541.638149977 0.499998668 84 
1590060542.039597988 0.401447974 84 
1590060542.138168335 0.098570363 84 
1590060542.350075960 0.211907661 72 
1590060542.638034344 0.287958362 84 
1590060542.923044443 0.285010160 72 
1590060543.039602518 0.116558032 84 
1590060543.138220549 0.098618046 84 
1590060543.637453318 0.499232687 84 
1590060544.039591312 0.402138010 84 
1590060544.138060093 0.098468869 84 
1590060544.638121367 0.500061288 84 
1590060544.851091862 0.212970472 72 
1590060545.039246559 0.188154651 84 
1590060545.138186693 0.098940084 84 
1590060545.425010920 0.286824211 72 
1590060545.638133049 0.213122126 84 
1590060546.039619684 0.401486742 84 
1590060546.138009548 0.098389771 84 
1590060546.638152122 0.500142500 84 
1590060547.039668083 0.401516167 84 
1590060547.138155699 0.098487387 84 
1590060547.352099657 0.213944084 72 
1590060547.638124704 0.286025129 84 
1590060547.930030823 0.291906065 72 
1590060548.039567232 0.109536280 84 
1590060548.138141632 0.098574574 84 
1590060548.638003111 0.499861511 84 
1590060549.039564133 0.401560884 84 
1590060549.137334585 0.097770558 84 
1590060549.637891293 0.500556549 84 
1590060549.855085373 0.217194063 72 
1590060550.039349556 0.184264380 84 
1590060550.137862682 0.098513050 84 
1590060550.439008474 0.301145769 72 
1590060550.637937069 0.198928546 84 
1590060551.039929390 0.401992287 84 
1590060551.137879133 0.097949724 84 
1590060551.637419701 0.499540778 84 
1590060552.039552927 0.402133183 84 
1590060552.137517452 0.097964573 84 
1590060552.356135607 0.218617939 72 
1590060552.637435913 0.281300304 84 
1590060552.941053391 0.303617666 72 
1590060553.039592266 0.098538718 84 
1590060553.138155460 0.098563145 84 
1590060553.637689114 0.499533874 84 
1590060554.039596796 0.401907626 84 
1590060554.138301849 0.098705002 84 
1590060554.638125181 0.499823272 84 
1590060554.858086109 0.219961060 72 
1590060555.039353132 0.181267074 84 
1590060555.138053894 0.098700563 84 
1590060555.443018675 0.304964914 72 
1590060555.638102531 0.195083837 84 
1590060556.039651632 0.401549125 84 
1590060556.138124466 0.098472880 84 
1590060556.638102055 0.499977473 84 
1590060557.039543867 0.401441936 84 
1590060557.138103485 0.098559410 84 
1590060557.359093428 0.220990044 72 
1590060557.638178110 0.279084666 84 
1590060557.945079565 0.306901584 72 
1590060558.039553404 0.094473735 84 
1590060558.138040781 0.098487399 84 
1590060558.638071775 0.500031069 84 
1590060559.039600134 0.401528308 84 
1590060559.138154745 0.098554557 84 
1590060559.638145685 0.499990964 84 
1590060559.860078812 0.221933010 72 
1590060560.039394379 0.179315677 84 
1590060560.138095856 0.098701534 84 
1590060560.447013378 0.308917438 72 
1590060560.637780190 0.190766842 84 
1590060561.039601564 0.401821341 84 
1590060561.137789965 0.098188403 84 
1590060561.638119936 0.500329931 84 
1590060562.039557457 0.401437512 84 
1590060562.137465000 0.097907649 84 
1590060562.370111227 0.232646105 72 
1590060562.637226343 0.267115162 84 
1590060562.949080467 0.311854148 72 
1590060563.039537430 0.090456932 84 
1590060563.138117552 0.098580114 84 
1590060563.638124943 0.500007383 84 
1590060564.039530039 0.401405235 84 
1590060564.137428284 0.097898183 84 
1590060564.637383223 0.499954938 84 
1590060564.871104240 0.233720933 72 
1590060565.039332151 0.168227893 84 
1590060565.137388468 0.098056369 84 
1590060565.451071262 0.313682812 72 
1590060565.638126850 0.187055595 84 
1590060566.039413929 0.401287117 84 
1590060566.137538433 0.098124395 84 
1590060566.638068199 0.500529863 84 
1590060567.039564371 0.401496166 84 
1590060567.137589693 0.098025205 84 
1590060567.373073816 0.235484201 72 
1590060567.637366772 0.264292965 84 
1590060567.953030348 0.315663581 72 
1590060568.039521933 0.086491509 84 
1590060568.137267113 0.097745371 84 
1590060568.637975216 0.500707941 84 
1590060569.039544821 0.401569657 84 
1590060569.137490273 0.097945464 84 
1590060569.638111115 0.500620891 84 
1590060569.878087044 0.239975909 72 
1590060570.039321423 0.161234403 84 
1590060570.137859583 0.098538068 84 
1590060570.458052158 0.320192542 72 
1590060570.637973309 0.179921255 84 
1590060571.039507627 0.401534275 84 
1590060571.138117075 0.098609332 84 
1590060571.637746334 0.499629420 84 
1590060572.039494514 0.401748164 84 
1590060572.138024330 0.098529781 84 
1590060572.381147861 0.243123529 72 
1590060572.637382030 0.256234115 84 
1590060572.959043264 0.321661248 72 
1590060573.039517403 0.080474094 84 
1590060573.137718201 0.098200903 84 
1590060573.638114214 0.500396074 84 
1590060574.039508104 0.401393812 84 
1590060574.137905121 0.098397018 84 
1590060574.637277126 0.499371968 84 
1590060574.884167671 0.246890533 72 
1590060575.039373398 0.155205781 84 
1590060575.138246298 0.098872888 84 
1590060575.461050749 0.322804434 72 
1590060575.638106585 0.177055885 84 
1590060576.039479017 0.401372316 84 
1590060576.137222528 0.097743601 84 
1590060576.638027191 0.500804750 84 
1590060577.039540291 0.401512929 84 
1590060577.138154268 0.098613960 84 
1590060577.386103392 0.247949122 72 
1590060577.638326168 0.252222817 84 
1590060577.964086294 0.325760072 72 
1590060578.039488077 0.075401828 84 
1590060578.137462854 0.097974852 84 
1590060578.638163567 0.500700785 84 
1590060579.039544106 0.401380373 84 
1590060579.138139009 0.098595049 84 
1590060579.638108492 0.499969541 84 
1590060579.887145042 0.249036341 72 
1590060580.039385796 0.152240837 84 
1590060580.138175249 0.098789413 84 
1590060580.466053486 0.327878328 72 
1590060580.638179302 0.172125802 84 
1590060581.039470434 0.401291157 84 
1590060581.138141155 0.098670771 84 
1590060581.638150930 0.500009564 84 
1590060582.039480209 0.401329388 84 
1590060582.138154268 0.098674028 84 
1590060582.391145945 0.252991647 72 
1590060582.638115644 0.246969843 84 
1590060582.969063282 0.330947610 72 
1590060583.039630413 0.070567147 84 
1590060583.138139009 0.098508534 84 
1590060583.638168335 0.500029309 84 
1590060584.039510012 0.401341617 84 
1590060584.138152599 0.098642626 84 
1590060584.638027906 0.499875407 84 
1590060584.893086195 0.255058303 72 
1590060585.039322853 0.146236626 84 
1590060585.138162136 0.098839145 84 
1590060585.471069336 0.332907370 72 
1590060585.638164043 0.167094509 84 
1590060586.039794683 0.401630822 84 
1590060586.138118982 0.098324256 84 
1590060586.637642622 0.499523528 84 
1590060587.039644003 0.402001540 84 
1590060587.138249159 0.098605095 84 
1590060587.396141529 0.257892396 72 
1590060587.638190269 0.242048817 84 
1590060587.973046303 0.334855929 72 
1590060588.039485216 0.066438918 84 
1590060588.138162136 0.098676997 84 
1590060588.638162851 0.500000594 84 
1590060589.039452314 0.401289411 84 
1590060589.138057947 0.098605785 84 
1590060589.638142586 0.500084581 84 
1590060589.898149967 0.260007316 72 
1590060590.039353132 0.141203245 84 
1590060590.138100147 0.098746932 84 
1590060590.477105618 0.339005470 72 
1590060590.637870312 0.160764635 84 
1590060591.039504290 0.401634032 84 
1590060591.137992382 0.098488176 84 
1590060591.638159037 0.500166620 84 
1590060592.039915562 0.401756462 84 
1590060592.138016701 0.098101176 84 
1590060592.401112318 0.263095611 72 
1590060592.637193918 0.236081662 84 
1590060592.979140759 0.341946725 72 
1590060593.039452791 0.060312213 84 
1590060593.138156414 0.098703545 84 
1590060593.637861252 0.499704879 84 
1590060594.039483309 0.401622013 84 
1590060594.137344122 0.097860717 84 
1590060594.638027906 0.500683799 84 
1590060594.917076588 0.279048798 72 
1590060595.039304733 0.122228058 84 
1590060595.137176991 0.097872330 84 
1590060595.482036829 0.344859911 72 
1590060595.637279510 0.155242587 84 
1590060596.039827347 0.402547733 84 
1590060596.137151003 0.097323649 84 
1590060596.637591839 0.500440875 84 
1590060597.039222717 0.401630894 84 
1590060597.138100624 0.098877852 84 
1590060597.419128656 0.281028201 72 
1590060597.638016939 0.218888205 84 
1590060597.983056784 0.345039844 72 
1590060598.039416313 0.056359529 84 
1590060598.137356520 0.097940221 84 
1590060598.637176991 0.499820409 84 
1590060599.039455414 0.402278410 84 
1590060599.137152433 0.097697119 84 
1590060599.637115240 0.499962720 84 
1590060599.922227859 0.285112752 72 
1590060600.039466858 0.117238951 84 
1590060600.137076616 0.097609716 84 
1590060600.484037399 0.346960834 72 
1590060600.637455463 0.153418118 84 
1590060601.039468765 0.402013196 84 
1590060601.137194395 0.097725671 84 
1590060601.637267351 0.500073007 84 
1590060602.039686918 0.402419435 84 
1590060602.137211561 0.097524763 84 
1590060602.424159288 0.286947665 72 
1590060602.638140917 0.213981599 84 
1590060602.989027500 0.350886595 72 
1590060603.039435625 0.050408146 84 
1590060603.137143135 0.097707485 84 
1590060603.637270451 0.500127288 84 
1590060604.039490461 0.402219971 84 
1590060604.137267828 0.097777453 84 
1590060604.637281179 0.500013356 84 
1590060604.925148964 0.287867723 72 
1590060605.039338112 0.114189245 84 
1590060605.137240171 0.097902027 84 
1590060605.490044832 0.352804714 72 
1590060605.637187243 0.147142291 84 
1590060606.040145636 0.402958430 84 
1590060606.137067318 0.096921649 84 
1590060606.637417316 0.500349980 84 
1590060607.040006161 0.402588953 84 
1590060607.138104439 0.098098231 84 
1590060607.427129745 0.289025229 72 
1590060607.637748003 0.210618458 84 
1590060607.992063046 0.354314906 72 
1590060608.039842844 0.047779744 84 
1590060608.137231588 0.097388722 84 
1590060608.637110233 0.499878831 84 
1590060609.039401531 0.402291194 84 
1590060609.137049913 0.097648462 84 
1590060609.638028383 0.500978387 84 
1590060609.936089516 0.298061159 72 
1590060610.039306164 0.103216757 84 
1590060610.137165308 0.097858938 84 
1590060610.497056007 0.359890916 72 
1590060610.637205362 0.140149133 84 
1590060611.039380312 0.402175157 84 
1590060611.137075663 0.097695291 84 
1590060611.637115479 0.500039838 84 
1590060612.039405823 0.402290400 84 
1590060612.137194395 0.097788470 84 
1590060612.438100815 0.300906358 72 
1590060612.637089491 0.198988780 84 
1590060613.001058340 0.363968723 72 
1590060613.039346218 0.038287948 84 
1590060613.137693405 0.098347199 84 
1590060613.637850761 0.500157262 84 
1590060614.039368629 0.401517968 84 
1590060614.137091398 0.097722718 84 
1590060614.637787104 0.500695694 84 
1590060614.940098524 0.302311469 72 
1590060615.039327383 0.099228831 84 
1590060615.137880325 0.098553029 84 
1590060615.502070427 0.364190011 72 
1590060615.637483835 0.135413543 84 
1590060616.039361238 0.401877401 84 
1590060616.137748241 0.098386869 84 
1590060616.637327671 0.499579557 84 
1590060617.039288759 0.401960891 84 
1590060617.137495279 0.098206577 84 
1590060617.445154190 0.307658892 72 
1590060617.637268066 0.192113897 84 
1590060618.005048752 0.367780686 72 
1590060618.039276600 0.034227831 84 
1590060618.137042999 0.097766524 84 
1590060618.638048172 0.501005188 84 
1590060619.039253235 0.401204934 84 
1590060619.137106180 0.097852976 84 
1590060619.637960434 0.500854247 84 
1590060619.947152615 0.309192127 72 
1590060620.039325714 0.092173251 84 
1590060620.137985229 0.098659548 84 
1590060620.507505655 0.369520416 72 
1590060620.637758732 0.130253017 84 
1590060621.039249659 0.401490970 84 
1590060621.137128592 0.097878814 84 
1590060621.637551785 0.500423290 84 
1590060622.039308310 0.401756394 84 
1590060622.137565374 0.098257150 84 
1590060622.452137947 0.314572639 72 
1590060622.637150526 0.185012468 84 
1590060623.008068800 0.370918226 72 
1590060623.039545536 0.031476797 84 
1590060623.137474298 0.097928834 84 
1590060623.637061834 0.499587530 84 
1590060624.039267778 0.402205818 84 
1590060624.137230158 0.097962470 84 
1590060624.637314796 0.500084658 84 
1590060624.953090906 0.315776019 72 
1590060625.039227724 0.086136874 84 
1590060625.137005329 0.097777557 84 
1590060625.510090590 0.373085237 72 
1590060625.637082338 0.126991844 84 
1590060626.039212704 0.402130378 84 
1590060626.137498140 0.098285496 84 
1590060626.637903214 0.500405083 84 
1590060627.039501905 0.401598556 84 
1590060627.137929916 0.098427971 84 
1590060627.455103636 0.317173701 72 
1590060627.637070894 0.181967405 84 
1590060628.012121201 0.375050223 72 
1590060628.039225578 0.027104304 84 
1590060628.137825251 0.098599769 84 
1590060628.637425423 0.499600279 84 
1590060629.039510012 0.402084400 84 
1590060629.137633085 0.098123258 84 
1590060629.637166500 0.499533255 84 
1590060629.956139565 0.318973202 72 
1590060630.039308071 0.083168464 84 
1590060630.137117386 0.097809200 84 
1590060630.514063358 0.376946076 72 
1590060630.637190580 0.123127162 84 
1590060631.039905310 0.402714837 84 
1590060631.137177944 0.097272663 84 
1590060631.637829542 0.500651447 84 
1590060632.039264202 0.401434737 84 
1590060632.137411594 0.098147376 84 
1590060632.458137989 0.320726284 72 
1590060632.637198210 0.179060333 84 
1590060633.018082857 0.380884714 72 
1590060633.039487123 0.021404114 84 
1590060633.137244940 0.097757837 84 
1590060633.637845755 0.500600812 84 
1590060634.039190054 0.401344380 84 
1590060634.137727261 0.098537272 84 
1590060634.637903452 0.500176088 84 
1590060634.961141586 0.323238158 72 
1590060635.039299965 0.078158414 84 
1590060635.137097120 0.097797077 84 
1590060635.520070314 0.382973144 72 
1590060635.637086391 0.117016130 84 
1590060636.040129900 0.403043546 84 
1590060636.137136459 0.097006492 84 
1590060636.637146473 0.500010166 84 
1590060637.040127039 0.402980531 84 
1590060637.137214184 0.097086990 84 
1590060637.463153124 0.325938944 72 
1590060637.637250185 0.174097133 84 
1590060638.022070169 0.384819905 72 
1590060638.039378166 0.017308001 84 
1590060638.137185335 0.097807170 84 
1590060638.637146235 0.499960952 84 
1590060639.040116549 0.402970396 84 
1590060639.137175322 0.097058810 84 
1590060639.637063742 0.499888237 84 
1590060639.965189457 0.328125714 72 
1590060640.039334774 0.074145484 84 
1590060640.137644529 0.098309654 84 
1590060640.524094582 0.386450036 72 
1590060640.637181044 0.113086522 84 
1590060641.040116072 0.402935090 84 
1590060641.137211561 0.097095382 84 
1590060641.637248039 0.500036599 84 
1590060642.039154291 0.401906280 84 
1590060642.137216091 0.098061735 84 
1590060642.469160557 0.331944525 72 
1590060642.637196064 0.168035506 84 
1590060643.027114391 0.389918144 72 
1590060643.039779902 0.012665653 84 
1590060643.137105227 0.097325288 84 
1590060643.637059212 0.499954054 84 
1590060644.039102316 0.402042961 84 
1590060644.137196302 0.098094077 84 
1590060644.637240648 0.500044249 84 
1590060644.972105503 0.334864817 72 
1590060645.038242817 0.066137467 84 
1590060645.137250423 0.099007527 84 
1590060645.529103994 0.391853489 72 
1590060645.637074709 0.107970792 84 
1590060646.040084362 0.403009731 84 
1590060646.137125492 0.097041072 84 
1590060646.637485027 0.500359467 84 
1590060647.040066004 0.402581138 84 
1590060647.137104988 0.097038982 84 
1590060647.474128008 0.337023036 72 
1590060647.637277126 0.163149042 84 
1590060648.030095577 0.392818356 72 
1590060648.038769484 0.008674028 84 
1590060648.137189388 0.098419820 84 
1590060648.637145042 0.499955659 84 
1590060649.039098740 0.401953686 84 
1590060649.137200832 0.098102236 84 
1590060649.636917353 0.499716388 84 
1590060649.976121664 0.339204363 72 
1590060650.038263559 0.062141901 84 
1590060650.137229681 0.098965987 84 
1590060650.533061266 0.395831738 72 
1590060650.636981249 0.103920037 84 
1590060651.039056063 0.402074655 84 
1590060651.137027025 0.097970950 84 
1590060651.637243271 0.500216357 84 
1590060652.039074421 0.401831137 84 
1590060652.137205124 0.098130672 84 
1590060652.478119850 0.340914773 72 
1590060652.637140274 0.159020471 84 
1590060653.034070969 0.396930600 72 
1590060653.038776398 0.004705506 84 
1590060653.137200594 0.098424216 84 
1590060653.637203693 0.500003063 84 
1590060654.039017916 0.401814181 84 
1590060654.137146235 0.098128384 84 
1590060654.637001276 0.499854904 84 
1590060654.980133295 0.343131982 72 
1590060655.038245916 0.058112806 84 
1590060655.136862516 0.098616596 84 
1590060655.541113615 0.404251057 72 
1590060655.637218237 0.096104690 84 
1590060656.038994312 0.401776028 84 
1590060656.137201786 0.098207326 84 
1590060656.637195349 0.499993549 84 
1590060657.039026022 0.401830869 84 
1590060657.137314081 0.098288057 84 
1590060657.484123945 0.346809712 72 
1590060657.637207031 0.153083260 84 
1590060658.038736343 0.401529267 84 
1590060658.044070482 0.005334153 72 
1590060658.137123823 0.093053194 84 
1590060658.637266159 0.500142322 84 
1590060659.038990259 0.401724268 84 
1590060659.137193680 0.098203397 84 
1590060659.637204170 0.500010323 84 
1590060659.986158133 0.348953989 72 
1590060660.038309336 0.052151192 84 
1590060660.137175322 0.098866172 84 
1590060660.545053005 0.407877610 72 
1590060660.637158155 0.092105072 84 
1590060661.038816452 0.401658263 84 
1590060661.137237072 0.098420594 84 
1590060661.637220383 0.499983540 84 
1590060662.038974047 0.401753588 84 
1590060662.137162209 0.098188053 84 
1590060662.488341570 0.351179441 72 
1590060662.637186527 0.148844893 84 
1590060663.038956165 0.401769647 84 
1590060663.047069073 0.008112874 72 
1590060663.137204170 0.090135072 84 
1590060663.637187004 0.499982830 84 
1590060664.038941860 0.401755057 84 
1590060664.137199879 0.098258022 84 
1590060664.637563705 0.500363668 84 
1590060664.993126869 0.355563190 72 
1590060665.038283348 0.045156615 84 
1590060665.137173891 0.098890339 84 
1590060665.548082829 0.410909089 72 
1590060665.637215137 0.089132269 84 
1590060666.039284229 0.402068994 84 
1590060666.137071371 0.097787170 84 
1590060666.637153149 0.500081889 84 
1590060667.039208412 0.402055163 84 
1590060667.137163401 0.097955123 84 
1590060667.495185614 0.358022165 72 
1590060667.637225866 0.142040130 84 
1590060668.038768053 0.401542268 84 
1590060668.051065445 0.012297355 72 
1590060668.137223482 0.086158091 84 
1590060668.637228012 0.500004502 84 
1590060669.038944721 0.401716755 84 
1590060669.137231350 0.098286514 84 
1590060669.637172461 0.499941178 84 
1590060669.997120857 0.359948534 72 
1590060670.038266420 0.041145473 84 
1590060670.137222767 0.098956383 84 
1590060670.552137375 0.414914432 72 
1590060670.637094498 0.084957274 84 
1590060671.039223909 0.402129257 84 
1590060671.137065887 0.097842007 84 
1590060671.637160063 0.500094270 84 
1590060672.038886309 0.401726268 84 
1590060672.137011528 0.098125168 84 
1590060672.499202013 0.362190537 72 
1590060672.637202024 0.137999998 84 
1590060673.038759947 0.401557810 84 
1590060673.056090355 0.017330503 72 
1590060673.137134075 0.081043641 84 
1590060673.637233496 0.500099593 84 
1590060674.038851976 0.401618310 84 
1590060674.136745930 0.097893920 84 
1590060674.637068748 0.500322897 84 
1590060675.001163960 0.364095138 72 
1590060675.038259983 0.037096213 84 
1590060675.137101412 0.098841256 84 
1590060675.557066679 0.419965450 72 
1590060675.636698723 0.079631831 84 
1590060676.038845301 0.402146612 84 
1590060676.137148380 0.098303149 84 
1590060676.637139559 0.499991147 84 
1590060677.038837194 0.401697778 84 
1590060677.137272835 0.098435553 84 
1590060677.502107859 0.364835100 72 
1590060677.636645079 0.134537039 84 
1590060678.038678885 0.402033959 84 
1590060678.058141470 0.019462465 72 
1590060678.137248278 0.079106932 84 
1590060678.637108088 0.499859699 84 
1590060679.038889647 0.401781704 84 
1590060679.137274027 0.098384267 84 
1590060679.637159109 0.499885107 84 
1590060680.004143238 0.366984103 72 
1590060680.038291454 0.034148156 84 
1590060680.137182713 0.098891446 84 
1590060680.561084032 0.423901220 72 
1590060680.637235880 0.076151794 84 
1590060681.038794518 0.401558732 84 
1590060681.137220860 0.098426309 84 
1590060681.637175083 0.499954308 84 
1590060682.038804531 0.401629372 84 
1590060682.137195587 0.098390974 84 
1590060682.505183220 0.367987636 72 
1590060682.637154818 0.131971654 84 
1590060683.038806438 0.401651612 84 
1590060683.063141584 0.024335162 72 
1590060683.137189388 0.074047900 84 
1590060683.637146235 0.499956740 84 
1590060684.039053679 0.401907421 84 
1590060684.137149334 0.098095721 84 
1590060684.636661768 0.499512495 84 
1590060685.007125616 0.370463791 72 
1590060685.038297176 0.031171507 84 
1590060685.137183666 0.098886595 84 
1590060685.566087246 0.428903487 72 
1590060685.637238503 0.071151240 84 
1590060686.038824320 0.401585793 84 
1590060686.137230635 0.098406258 84 
1590060686.637234926 0.500004482 84 
1590060687.039180994 0.401945920 84 
1590060687.137038231 0.097857209 84 
1590060687.508116961 0.371078909 72 
1590060687.637176275 0.129059167 84 
1590060688.038754702 0.401578513 84 
1590060688.068073034 0.029318256 72 
1590060688.136722565 0.068649662 84 
1590060688.636745453 0.500022737 84 
1590060689.038810968 0.402065486 84 
1590060689.136974096 0.098163159 84 
1590060689.637074232 0.500100118 84 
1590060690.010130405 0.373056206 72 
1590060690.038265467 0.028135169 84 
1590060690.136585951 0.098320357 84 
1590060690.570085049 0.433499114 72 
1590060690.637157679 0.067072561 84 
1590060691.038788319 0.401630829 84 
1590060691.136534691 0.097746271 84 
1590060691.636607885 0.500073154 84 
1590060692.038770437 0.402162697 84 
1590060692.137233734 0.098463188 84 
1590060692.511145830 0.373912048 72 
1590060692.637098551 0.125952870 84 
1590060693.038717747 0.401619131 84 
1590060693.071155310 0.032437445 72 
1590060693.137187719 0.066032502 84 
1590060693.636811733 0.499623975 84 
1590060694.038703680 0.401892087 84 
1590060694.136630774 0.097927003 84 
1590060694.637391329 0.500760520 84 
1590060695.013143539 0.375752347 72 
1590060695.038305998 0.025162332 84 
1590060695.137217999 0.098912056 84 
1590060695.574063540 0.436845607 72 
1590060695.636397123 0.062333595 84 
1590060696.038737774 0.402340592 84 
1590060696.137305498 0.098567627 84 
1590060696.637214422 0.499908883 84 
1590060697.038684607 0.401470352 84 
1590060697.137233257 0.098548686 84 
1590060697.514128685 0.376895208 72 
1590060697.637251377 0.123122758 84 
1590060698.038729906 0.401478531 84 
1590060698.076096058 0.037366281 72 
1590060698.137164593 0.061068346 84 
1590060698.636493921 0.499329432 84 
1590060699.038721561 0.402227755 84 
1590060699.137174845 0.098453123 84 
1590060699.636912823 0.499737993 84 
1590060700.016134977 0.379222206 72 
1590060700.038262844 0.022127820 84 
1590060700.137243748 0.098980847 84 
1590060700.579103708 0.441859981 72 
1590060700.637121201 0.058017535 84 
1590060701.038728952 0.401607828 84 
1590060701.137171268 0.098442225 84 
1590060701.637196064 0.500024912 84 
1590060702.038688898 0.401492733 84 
1590060702.137202024 0.098513043 84 
1590060702.518180609 0.380978598 72 
1590060702.637220383 0.119039774 84 
1590060703.038710833 0.401490460 84 
1590060703.080112696 0.041402001 72 
1590060703.136525631 0.056412850 84 
1590060703.637160063 0.500634469 84 
1590060704.038746119 0.401586098 84 
1590060704.137240171 0.098493954 84 
1590060704.637233973 0.499993868 84 
1590060705.020129681 0.382895804 72 
1590060705.038289785 0.018159934 84 
1590060705.136754513 0.098464769 84 
1590060705.582106829 0.445352386 72 
1590060705.637171030 0.055064073 84 
1590060706.038692236 0.401521180 84 
1590060706.137211084 0.098518890 84 
1590060706.637158394 0.499947389 84 
1590060707.038707495 0.401549046 84 
1590060707.137164116 0.098456684 84 
1590060707.523120642 0.385956606 72 
1590060707.637283564 0.114162811 84 
1590060708.038729191 0.401445703 84 
1590060708.087145090 0.048415874 72 
1590060708.137209415 0.050064272 84 
1590060708.637228966 0.500019513 84 
1590060709.038760900 0.401532060 84 
1590060709.136901140 0.098140192 84 
1590060709.637234211 0.500333119 84 
1590060710.025122404 0.387888186 72 
1590060710.038248777 0.013126290 84 
1590060710.137177706 0.098928929 84 
1590060710.591118813 0.453941209 72 
1590060710.637192011 0.046073100 84 
1590060711.038952351 0.401760357 84 
1590060711.137233734 0.098281329 84 
1590060711.637225628 0.499991894 84 
1590060712.038623810 0.401398211 84 
1590060712.137263060 0.098639282 84 
1590060712.526154757 0.388891564 72 
1590060712.637189627 0.111034987 84 
1590060713.038677931 0.401488251 84 
1590060713.092137337 0.053459357 72 
1590060713.136434555 0.044297390 84 
1590060713.637183905 0.500749162 84 
1590060714.038640261 0.401456569 84 
1590060714.137230396 0.098589982 84 
1590060714.636399269 0.499169002 84 
1590060715.028169632 0.391770175 72 
1590060715.038333654 0.010164153 84 
1590060715.137193918 0.098860146 84 
1590060715.596114635 0.458920740 72 
1590060715.637232065 0.041117458 84 
1590060716.038573027 0.401341039 84 
1590060716.137300491 0.098727417 84 
1590060716.637205362 0.499904993 84 
1590060717.038581610 0.401376167 84 
1590060717.137234211 0.098652525 84 
1590060717.529123068 0.391889017 72 
1590060717.636396646 0.107273423 84 
1590060718.038623810 0.402227138 84 
1590060718.099185944 0.060562158 72 
1590060718.137337446 0.038151629 84 
1590060718.637273073 0.499935580 84 
1590060719.039104462 0.401831434 84 
1590060719.137111425 0.098006824 84 
1590060719.637258291 0.500146820 84 
1590060720.031126499 0.393868212 72 
1590060720.038269997 0.007143564 84 
1590060720.137259722 0.098989787 84 
1590060720.601176977 0.463917120 72 
1590060720.637140036 0.035963277 84 
1590060721.038561344 0.401421108 84 
1590060721.136613131 0.098051799 84 
1590060721.637197256 0.500584237 84 
1590060722.038545847 0.401348575 84 
1590060722.136969805 0.098424012 84 
1590060722.534140825 0.397171001 72 
1590060722.636364222 0.102223407 84 
1590060723.038547039 0.402182750 84 
1590060723.102108717 0.063561662 72 
1590060723.137086391 0.034977678 84 
1590060723.636919737 0.499833395 84 
1590060724.038547993 0.401628281 84 
1590060724.137027740 0.098479752 84 
1590060724.637155056 0.500127191 84 
1590060725.036151171 0.398996243 72 
1590060725.038332939 0.002181753 84 
1590060725.137280703 0.098947790 84 
1590060725.604151249 0.466870360 72 
1590060725.636420250 0.032269204 84 
1590060726.038593769 0.402173502 84 
1590060726.136402369 0.097808435 84 
1590060726.636306524 0.499904258 84 
1590060727.038511038 0.402204572 84 
1590060727.137144804 0.098633592 84 
1590060727.537189484 0.400044879 72 
1590060727.636801243 0.099611583 84 
1590060728.038669109 0.401867984 84 
1590060728.105080605 0.066411469 72 
1590060728.137213945 0.032133425 84 
1590060728.637145996 0.499931850 84 
1590060729.039152622 0.402006768 84 
1590060729.137235880 0.098083268 84 
1590060729.637224436 0.499988478 84 
1590060730.038509607 0.401285186 84 
1590060730.040136337 0.001626786 72 
1590060730.136180162 0.096043749 84 
1590060730.607149601 0.470969506 72 
1590060730.636369467 0.029219737 84 
1590060731.038558960 0.402189595 84 
1590060731.136180162 0.097621206 84 
1590060731.637124777 0.500944525 84 
1590060732.038523674 0.401399044 84 
1590060732.137354851 0.098831125 84 
1590060732.541191578 0.403836751 72 
1590060732.636246681 0.095054954 84 
1590060733.038499355 0.402252845 84 
1590060733.108137846 0.069638415 72 
1590060733.136657953 0.028520058 84 
1590060733.636216640 0.499558687 84 
1590060734.038471937 0.402255265 84 
1590060734.136529684 0.098057875 84 
1590060734.636395693 0.499866093 84 
1590060735.038501024 0.402105265 84 
1590060735.045192242 0.006691073 72 
1590060735.136569023 0.091376992 84 
1590060735.612159491 0.475590391 72 
1590060735.636241674 0.024082131 84 
1590060736.038519621 0.402278046 84 
1590060736.137178659 0.098658959 84 
1590060736.637075901 0.499897173 84 
1590060737.038944006 0.401868221 84 
1590060737.136451960 0.097507941 84 
1590060737.548201323 0.411749396 72 
1590060737.636162043 0.087960631 84 
1590060738.038456917 0.402294842 84 
1590060738.115140438 0.076683586 72 
1590060738.136213779 0.021073382 84 
1590060738.636675596 0.500461761 84 
1590060739.038991928 0.402316257 84 
1590060739.136198521 0.097206672 84 
1590060739.636255980 0.500057446 84 
1590060740.038505077 0.402249020 84 
1590060740.049127817 0.010622751 72 
1590060740.136603117 0.087475405 84 
1590060740.616141796 0.479538648 72 
1590060740.636244059 0.020102168 84 
1590060741.038486481 0.402242452 84 
1590060741.136303902 0.097817530 84 
1590060741.636225939 0.499922000 84 
1590060742.038521051 0.402294990 84 
1590060742.136256456 0.097735588 84 
1590060742.550156593 0.413899988 72 
1590060742.636556387 0.086399961 84 
1590060743.038476706 0.401920128 84 
1590060743.118201017 0.079724528 72 
1590060743.136306047 0.018105032 84 
1590060743.636801481 0.500495429 84 
1590060744.038867712 0.402066035 84 
1590060744.136175156 0.097307466 84 
1590060744.636282444 0.500107303 84 
1590060745.038438797 0.402156504 84 
1590060745.052141428 0.013702580 72 
1590060745.136179447 0.084038079 84 
1590060745.619099855 0.482920186 72 
1590060745.636267185 0.017167486 84 
1590060746.038467169 0.402200041 84 
1590060746.136168003 0.097700717 84 
1590060746.636190414 0.500022403 84 
1590060747.038427591 0.402237182 84 
1590060747.136142731 0.097715242 84 
1590060747.553207874 0.417065114 72 
1590060747.636919498 0.083711546 84 
1590060748.038463593 0.401544230 84 
1590060748.128084898 0.089621212 72 
1590060748.136233807 0.008148804 84 
1590060748.637150288 0.500916488 84 
1590060749.038671255 0.401521157 84 
1590060749.136140585 0.097469176 84 
1590060749.636221886 0.500081403 84 
1590060750.038627386 0.402405405 84 
1590060750.057125092 0.018497650 72 
1590060750.136115074 0.078990104 84 
1590060750.636391878 0.500276866 84 
1590060750.637084007 0.000691978 72 
1590060751.038394928 0.401311040 84 
1590060751.136156321 0.097761298 84 
1590060751.636158943 0.500002632 84 
1590060752.038461447 0.402302549 84 
1590060752.136298180 0.097836770 84 
1590060752.558180332 0.421882071 72 
1590060752.636121511 0.077941124 84 
1590060753.038434982 0.402313499 84 
1590060753.136244535 0.097809663 84 
1590060753.141172886 0.004928392 72 
1590060753.637039185 0.495866265 84 
1590060754.038305759 0.401266606 84 
1590060754.136161804 0.097855981 84 
1590060754.636188507 0.500026563 84 
1590060755.038383722 0.402195239 84 
1590060755.061222315 0.022838639 72 
1590060755.136178255 0.074955969 84 
1590060755.636643171 0.500464964 84 
1590060755.642441273 0.005798083 72 
1590060756.038376808 0.395935447 84 
1590060756.136312008 0.097935307 84 
1590060756.636864662 0.500552670 84 
1590060757.039364100 0.402499468 84 
1590060757.136159420 0.096795228 84 
1590060757.563192129 0.427032614 72 
1590060757.636222839 0.073030823 84 
1590060758.038396358 0.402173593 84 
1590060758.136151314 0.097754798 84 
1590060758.143105507 0.006954362 72 
1590060758.636234283 0.493128672 84 
1590060759.039180994 0.402946761 84 
1590060759.137043476 0.097862470 84 
1590060759.636103153 0.499059597 84 
1590060760.038454294 0.402351212 84 
1590060760.070207357 0.031753035 72 
1590060760.136156082 0.065948779 84 
1590060760.636628389 0.500472159 84 
1590060760.646106958 0.009478709 72 
1590060761.038368702 0.392261702 84 
1590060761.136229038 0.097860394 84 
1590060761.636374474 0.500145380 84 
1590060762.038369179 0.401994633 84 
1590060762.136207342 0.097838324 84 
1590060762.571147680 0.434940282 72 
1590060762.636279345 0.065131607 84 
1590060763.038332939 0.402053551 84 
1590060763.136118412 0.097785639 84 
1590060763.157119036 0.021000583 72 
1590060763.636193275 0.479074155 84 
1590060764.038371563 0.402178319 84 
1590060764.136581898 0.098210279 84 
1590060764.636240721 0.499658756 84 
1590060765.038333654 0.402092940 84 
1590060765.073141813 0.034808388 72 
1590060765.136261702 0.063119695 84 
1590060765.636194706 0.499933082 84 
1590060765.659124136 0.022929446 72 
1590060766.038485765 0.379361704 84 
1590060766.136194706 0.097708829 84 
1590060766.636133432 0.499938741 84 
1590060767.038337469 0.402204011 84 
1590060767.136895418 0.098557999 84 
1590060767.575176239 0.438280847 72 
1590060767.636222124 0.061045847 84 
1590060768.038326979 0.402104864 84 
1590060768.136173725 0.097846689 84 
1590060768.161115646 0.024941893 72 
1590060768.636603355 0.475487689 84 
1590060769.038472652 0.401869368 84 
1590060769.136290073 0.097817556 84 
1590060769.636683464 0.500393162 84 
1590060770.038307667 0.401624403 84 
1590060770.087162971 0.048855243 72 
1590060770.136257887 0.049094788 84 
1590060770.636230230 0.499972491 84 
1590060770.663106680 0.026876487 72 
1590060771.038411379 0.375304660 84 
1590060771.136267900 0.097856404 84 
1590060771.636341333 0.500073388 84 
1590060772.038304567 0.401963247 84 
1590060772.136258841 0.097954443 84 
1590060772.589199066 0.452940226 72 
1590060772.636733532 0.047534344 84 
1590060773.038285017 0.401551484 84 
1590060773.136704922 0.098419856 84 
1590060773.165184736 0.028479919 72 
1590060773.636141300 0.470956600 84 
1590060774.038304567 0.402163229 84 
1590060774.136516333 0.098211651 84 
1590060774.636264324 0.499748051 84 
1590060775.038306713 0.402042562 84 
1590060775.090157986 0.051851112 72 
1590060775.136135101 0.045977213 84 
1590060775.636751652 0.500616526 84 
1590060775.668152332 0.031400752 72 
1590060776.038472176 0.370319858 84 
1590060776.136365652 0.097893299 84 
1590060776.636200190 0.499834675 84 
1590060777.039119005 0.402918653 84 
1590060777.136165380 0.097046479 84 
1590060777.594202518 0.458037030 72 
1590060777.637006521 0.042804211 84 
1590060778.038386345 0.401379776 84 
1590060778.136525631 0.098139304 84 
1590060778.170125008 0.033599174 72 
1590060778.636925936 0.466800986 84 
1590060779.038280964 0.401355030 84 
1590060779.136137247 0.097856283 84 
1590060779.636124849 0.499987559 84 
1590060780.038311958 0.402187210 84 
1590060780.096143961 0.057832045 72 
1590060780.136521816 0.040377902 84 
1590060780.636338711 0.499816897 84 
1590060780.671140432 0.034801661 72 
1590060781.038876057 0.367735521 84 
1590060781.136362553 0.097486483 84 
1590060781.636040926 0.499678453 84 
1590060782.038263798 0.402222894 84 
1590060782.136157990 0.097894261 84 
1590060782.599198580 0.463040577 72 
1590060782.636148214 0.036949460 84 
1590060783.038532495 0.402384312 84 
1590060783.136183500 0.097651027 84 
1590060783.172131538 0.035948077 72 
1590060783.636135578 0.464004128 84 
1590060784.038312674 0.402177064 84 
1590060784.136132479 0.097819642 84 
1590060784.636697769 0.500565398 84 
1590060785.038408279 0.401710428 84 
1590060785.102158546 0.063750343 72 
1590060785.136307478 0.034148945 84 
1590060785.636981964 0.500674427 84 
1590060785.674118519 0.037136597 72 
1590060786.038281679 0.364163277 84 
1590060786.136661291 0.098379550 84 
1590060786.636092663 0.499431240 84 
1590060787.038488388 0.402395747 84 
1590060787.136119366 0.097631092 84 
1590060787.604226112 0.468106670 72 
1590060787.636301279 0.032075176 84 
1590060788.038703442 0.402402166 84 
1590060788.136916399 0.098213031 84 
1590060788.177109241 0.040192876 72 
1590060788.636212111 0.459102723 84 
1590060789.038233042 0.402020949 84 
1590060789.136168003 0.097934961 84 
1590060789.636164188 0.499996268 84 
1590060790.039155960 0.402991725 84 
1590060790.105164766 0.066008753 72 
1590060790.136252165 0.031087397 84 
1590060790.636120319 0.499868172 84 
1590060790.679156065 0.043035875 72 
1590060791.038493156 0.359337011 84 
1590060791.136077166 0.097584067 84 
1590060791.636914253 0.500836983 84 
1590060792.039225578 0.402311472 84 
1590060792.135982990 0.096757203 84 
1590060792.607199192 0.471216374 72 
1590060792.635942221 0.028742902 84 
1590060793.038701534 0.402759288 84 
1590060793.136191368 0.097490001 84 
1590060793.182131052 0.045939590 72 
1590060793.636267424 0.454136431 84 
1590060794.039383888 0.403116438 84 
1590060794.136825085 0.097441061 84 
1590060794.636538982 0.499714071 84 
1590060795.039370060 0.402830972 84 
1590060795.112170935 0.072800980 72 
1590060795.136590719 0.024419812 84 
1590060795.636176348 0.499585520 84 
1590060795.689134121 0.052957862 72 
1590060796.039293528 0.350159345 84 
1590060796.136290073 0.096996487 84 
1590060796.636282921 0.499992789 84 
1590060797.039223909 0.402940990 84 
1590060797.136230230 0.097006528 84 
1590060797.613273859 0.477043431 72 
1590060797.636297703 0.023024028 84 
1590060798.038724899 0.402427111 84 
1590060798.136511326 0.097786484 84 
1590060798.190113544 0.053602264 72 
1590060798.636165142 0.446051559 84 
1590060799.039230585 0.403065497 84 
1590060799.136244059 0.097013385 84 
1590060799.636280537 0.500036503 84 
1590060800.039167643 0.402887044 84 
1590060800.114198208 0.075030472 72 
1590060800.136277199 0.022079061 84 
1590060800.636279821 0.500002636 84 
1590060800.692129374 0.055849550 72 
1590060801.039192915 0.347063571 84 
1590060801.136229992 0.097037138 84 
1590060801.636244774 0.500014815 84 
1590060802.039286375 0.403041586 84 
1590060802.136158705 0.096872311 84 
1590060802.616218805 0.480060072 72 
1590060802.636195898 0.019976949 84 
1590060803.037484407 0.401288701 84 
1590060803.136143684 0.098659102 84 
1590060803.194132566 0.057989000 72 
1590060803.636161327 0.442028666 84 
1590060804.039237499 0.403076158 84 
1590060804.136267185 0.097029648 84 
1590060804.636282682 0.500015729 84 
1590060805.039153814 0.402871108 84 
1590060805.117172241 0.078018227 72 
1590060805.136316061 0.019143964 84 
1590060805.636259079 0.499942945 84 
1590060805.696130276 0.059871130 72 
1590060806.039193869 0.343063614 84 
1590060806.136199951 0.097006146 84 
1590060806.636442184 0.500242332 84 
1590060807.039171934 0.402729608 84 
1590060807.136249065 0.097077246 84 
1590060807.620207071 0.483958028 72 
1590060807.636266708 0.016059553 84 
1590060808.038493156 0.402226576 84 
1590060808.136136293 0.097643000 84 
1590060808.197148323 0.061012129 72 
1590060808.636257648 0.439109142 84 
1590060809.039204597 0.402947048 84 
1590060809.136252165 0.097047484 84 
1590060809.636010647 0.499758546 84 
1590060810.039134264 0.403123554 84 
1590060810.122156620 0.083022436 72 
1590060810.136207581 0.014051076 84 
1590060810.635892630 0.499684873 84 
1590060810.703127623 0.067235088 72 
1590060811.039149761 0.336021993 84 
1590060811.136182547 0.097032877 84 
1590060811.636538267 0.500355728 84 
1590060812.039161444 0.402623084 84 
1590060812.136188984 0.097027737 84 
1590060812.623206377 0.487017413 72 
1590060812.635851622 0.012645227 84 
1590060813.037421703 0.401570093 84 
1590060813.136351585 0.098929684 84 
1590060813.205186129 0.068834742 72 
1590060813.636011839 0.430825650 84 
1590060814.039132357 0.403120408 84 
1590060814.136254311 0.097122020 84 
1590060814.636292934 0.500038616 84 
1590060815.039261103 0.402968087 84 
1590060815.125163794 0.085902833 72 
1590060815.136360645 0.011196801 84 
1590060815.636247396 0.499886664 84 
1590060815.707137346 0.070889988 72 
1590060816.038124561 0.330987316 84 
1590060816.136245728 0.098121070 84 
1590060816.636258602 0.500012916 84 
1590060817.038304329 0.402045773 84 
1590060817.136698484 0.098394034 84 
1590060817.626178026 0.489479664 72 
1590060817.636185169 0.010006988 84 
1590060818.037559032 0.401373891 84 
1590060818.136298180 0.098739160 84 
1590060818.209147692 0.072849514 72 
1590060818.636217356 0.427069747 84 
1590060819.039106607 0.402889338 84 
1590060819.136218548 0.097111923 84 
1590060819.636215210 0.499996526 84 
1590060820.038106441 0.401891377 84 
1590060820.127156734 0.089050224 72 
1590060820.136148453 0.008991772 84 
1590060820.636239290 0.500090649 84 
1590060820.710174799 0.073935733 72 
1590060821.038103342 0.327928513 84 
1590060821.136264563 0.098161155 84 
1590060821.636148930 0.499884364 84 
1590060822.038127661 0.401978695 84 
1590060822.136265278 0.098137674 84 
1590060822.630181789 0.493916361 72 
1590060822.636052370 0.005870795 84 
1590060823.037662268 0.401609736 84 
1590060823.136103868 0.098441663 84 
1590060823.213161707 0.077057783 72 
1590060823.636234999 0.423073289 84 
1590060824.038106680 0.401871780 84 
1590060824.136213303 0.098106559 84 
1590060824.636331081 0.500117723 84 
1590060825.038098335 0.401767319 84 
1590060825.131176949 0.093078612 72 
1590060825.136042595 0.004865629 84 
1590060825.636268854 0.500226364 84 
1590060825.714145899 0.077876867 72 
1590060826.038092613 0.323946934 84 
1590060826.136624098 0.098531445 84 
1590060826.636231422 0.499607217 84 
1590060827.038093328 0.401861937 84 
1590060827.136820316 0.098727002 84 
1590060827.634190798 0.497370360 72 
1590060827.636291504 0.002100773 84 
1590060828.037365198 0.401073824 84 
1590060828.136716366 0.099351154 84 
1590060828.216210365 0.079493943 72 
1590060828.636221409 0.420011016 84 
1590060829.038150549 0.401929138 84 
1590060829.136015654 0.097865086 84 
1590060829.636169672 0.500153953 84 
1590060830.038094759 0.401925081 84 
1590060830.135190248 0.097095709 72 
1590060830.136061907 0.000871599 84 
1590060830.636332512 0.500270590 84 
1590060830.720166683 0.083834103 72 
1590060831.038088322 0.317921671 84 
1590060831.136061192 0.097972783 84 
1590060831.636184931 0.500123892 84 
1590060832.038094521 0.401909519 84 
1590060832.136312485 0.098217939 84 
1590060832.636022806 0.499710285 84 
1590060832.637178898 0.001156100 72 
1590060833.037530899 0.400352143 84 
1590060833.136366367 0.098835367 84 
1590060833.222187757 0.085821307 72 
1590060833.636703014 0.414515405 84 
1590060834.038078070 0.401375046 84 
1590060834.136569738 0.098491682 84 
1590060834.636225224 0.499655466 84 
1590060835.038089037 0.401863718 84 
1590060835.136584759 0.098495756 84 
1590060835.138175011 0.001590315 72 
1590060835.636609316 0.498434374 84 
1590060835.723195553 0.086586098 72 
1590060836.038097143 0.314901586 84 
1590060836.136436462 0.098339469 84 
1590060836.636304140 0.499867539 84 
1590060837.038048029 0.401743904 84 
1590060837.136774540 0.098726610 84 
1590060837.636414766 0.499640027 84 
1590060837.639191866 0.002777157 72 
1590060838.037672520 0.398480664 84 
1590060838.136524200 0.098851738 84 
1590060838.225184917 0.088660769 72 
1590060838.636345625 0.411160620 84 
1590060839.038036585 0.401691010 84 
1590060839.136362076 0.098325363 84 
1590060839.636248112 0.499886051 84 
1590060840.038048744 0.401800747 84 
1590060840.136217833 0.098168961 84 
1590060840.141239882 0.005022072 72 
1590060840.635971069 0.494731315 84 
1590060840.727173328 0.091202172 72 
1590060841.038100481 0.310927202 84 
1590060841.136269331 0.098168921 84 
1590060841.636274338 0.500004855 84 
1590060842.038034916 0.401760531 84 
1590060842.136206388 0.098171568 84 
1590060842.636496782 0.500290517 84 
1590060842.643211365 0.006714456 72 
1590060843.037337065 0.394125612 84 
1590060843.136193752 0.098856805 84 
1590060843.228210688 0.092016966 72 
1590060843.635823965 0.407613292 84 
1590060844.038023949 0.402199812 84 
1590060844.136203051 0.098179269 84 
1590060844.636268616 0.500065481 84 
1590060845.038067102 0.401798636 84 
1590060845.136509895 0.098442594 84 
1590060845.146200418 0.009690660 72 
1590060845.635957956 0.489757419 84 
1590060845.730166197 0.094208262 72 
1590060846.038040161 0.307873896 84 
1590060846.136288166 0.098248032 84 
1590060846.636159658 0.499871659 84 
1590060847.038041115 0.401881320 84 
1590060847.136266708 0.098225671 84 
1590060847.636202335 0.499935587 84 
1590060847.648200035 0.011997682 72 
1590060848.037684679 0.389484657 84 
1590060848.136344671 0.098660077 84 
1590060848.231126308 0.094781601 72 
1590060848.636015177 0.404888847 84 
1590060849.037999153 0.401983934 84 
1590060849.136232138 0.098233125 84 
1590060849.636232853 0.500000632 84 
1590060850.038059950 0.401827033 84 
1590060850.136274576 0.098214644 84 
1590060850.160179853 0.023905203 72 
1590060850.636231422 0.476051703 84 
1590060850.732194185 0.095962653 72 
1590060851.038002491 0.305808375 84 
1590060851.136075974 0.098073411 84 
1590060851.636532784 0.500456931 84 
1590060852.038061142 0.401528374 84 
1590060852.136256695 0.098195561 84 
1590060852.636245966 0.499989288 84 
1590060852.661186695 0.024940655 72 
1590060853.037448168 0.376261435 84 
1590060853.135873556 0.098425533 84 
1590060853.234156132 0.098282457 72 
1590060853.636331081 0.402174927 84 
1590060854.038037300 0.401706148 84 
1590060854.136346817 0.098309668 84 
1590060854.636282921 0.499936131 84 
1590060855.038059711 0.401776795 84 
1590060855.136167288 0.098107515 84 
1590060855.170209408 0.034042135 72 
1590060855.636255503 0.466045991 84 
1590060855.736197948 0.099942416 72 
1590060856.037994146 0.301796325 84 
1590060856.136045218 0.098050992 84 
1590060856.635767937 0.499722651 84 
1590060857.037983656 0.402215818 84 
1590060857.136210918 0.098227377 84 
1590060857.636280775 0.500069783 84 
1590060857.675241709 0.038960822 72 
1590060858.037669182 0.362427466 84 
1590060858.136239767 0.098570657 84 
1590060858.237166643 0.100926929 72 
1590060858.635819912 0.398653328 84 
1590060859.038371086 0.402551028 84 
1590060859.136767387 0.098396257 84 
1590060859.636000156 0.499232860 84 
1590060860.038046837 0.402046707 84 
1590060860.136241436 0.098194592 84 
1590060860.180204153 0.043962591 72 
1590060860.636176825 0.455972858 84 
1590060860.747157574 0.110980672 72 
1590060861.038046837 0.290889289 84 
1590060861.136346817 0.098299925 84 
1590060861.636203051 0.499856291 84 
1590060862.038014650 0.401811504 84 
1590060862.136252403 0.098237843 84 
1590060862.636199474 0.499947156 84 
1590060862.684205294 0.048005649 72 
1590060863.037531614 0.353326352 84 
1590060863.136280060 0.098748433 84 
1590060863.245155811 0.108875912 72 
1590060863.636263609 0.391107640 84 
1590060864.037994862 0.401731281 84 
1590060864.136309862 0.098315105 84 
1590060864.636219978 0.499910099 84 
1590060865.037966251 0.401746294 84 
1590060865.135718107 0.097751751 84 
1590060865.191221714 0.055503734 72 
1590060865.636381626 0.445159729 84 
1590060865.749272823 0.112891343 72 
1590060866.037983179 0.288710314 84 
1590060866.136279583 0.098296433 84 
1590060866.636248827 0.499969203 84 
1590060867.037987947 0.401739014 84 
1590060867.136211395 0.098223439 84 
1590060867.635699987 0.499488714 84 
1590060867.696232796 0.060532801 72 
1590060868.037636518 0.341403807 84 
1590060868.136265278 0.098628568 84 
1590060868.250206709 0.113941571 72 
1590060868.636581182 0.386374467 84 
1590060869.037963152 0.401381840 84 
1590060869.136297941 0.098334799 84 
1590060869.636473656 0.500175833 84 
1590060870.037999392 0.401525753 84 
1590060870.136184931 0.098185530 84 
1590060870.198223829 0.062038888 72 
1590060870.636225700 0.438001799 84 
1590060870.752188683 0.115962971 72 
1590060871.038154840 0.285966146 84 
1590060871.136409760 0.098254936 84 
1590060871.635731459 0.499321809 84 
1590060872.037971497 0.402240079 84 
1590060872.136523724 0.098552021 84 
1590060872.636069775 0.499546245 84 
1590060872.700193644 0.064123652 72 
1590060873.037646532 0.337452992 84 
1590060873.136089563 0.098443075 84 
1590060873.253277540 0.117187903 72 
1590060873.635993481 0.382716037 84 
1590060874.037986755 0.401993102 84 
1590060874.136251926 0.098265306 84 
1590060874.636655092 0.500403237 84 
1590060875.038057566 0.401402429 84 
1590060875.136089087 0.098031546 84 
1590060875.202268362 0.066179108 72 
1590060875.636301756 0.434033465 84 
1590060875.756159306 0.119857686 72 
1590060876.038315058 0.282155600 84 
1590060876.136205673 0.097890552 84 
1590060876.635908365 0.499702819 84 
1590060877.037951708 0.402043385 84 
1590060877.136137962 0.098186156 84 
1590060877.636221647 0.500083766 84 
1590060877.703723669 0.067502051 72 
1590060878.037940264 0.334216600 84 
1590060878.135680199 0.097739777 84 
1590060878.258200169 0.122520165 72 
1590060878.636226177 0.378025850 84 
1590060879.037948370 0.401722149 84 
1590060879.135686398 0.097737994 84 
1590060879.635769844 0.500083453 84 
1590060880.037957191 0.402187457 84 
1590060880.136039019 0.098081889 84 
1590060880.207218409 0.071179448 72 
1590060880.636157274 0.428938651 84 
1590060880.759207010 0.123049905 72 
1590060881.037898302 0.278691262 84 
1590060881.136179209 0.098280788 84 
1590060881.635992765 0.499813706 84 
1590060882.037947178 0.401954252 84 
1590060882.136420727 0.098473564 84 
1590060882.636534929 0.500114194 84 
1590060882.709217548 0.072682651 72 
1590060883.037450314 0.328232879 84 
1590060883.136298895 0.098848623 84 
1590060883.261175394 0.124876477 72 
1590060883.635727406 0.374552013 84 
1590060884.037935495 0.402207967 84 
1590060884.136554003 0.098618611 84 
1590060884.636597157 0.500043029 84 
1590060885.037979603 0.401382507 84 
1590060885.136655331 0.098675717 84 
1590060885.211229324 0.074574003 72 
1590060885.635840416 0.424611172 84 
1590060885.763186216 0.127345737 72 
1590060886.037929058 0.274742917 84 
1590060886.136139393 0.098210298 84 
1590060886.635904074 0.499764714 84 
1590060887.037926912 0.402022769 84 
1590060887.136432648 0.098505781 84 
1590060887.636238813 0.499806194 84 
1590060887.713214636 0.076975700 72 
1590060888.037617207 0.324402557 84 
1590060888.136382103 0.098764973 84 
1590060888.266187668 0.129805495 72 
1590060888.636217594 0.370030049 84 
1590060889.037924528 0.401706874 84 
1590060889.136268854 0.098344212 84 
1590060889.636021852 0.499753080 84 
1590060890.037896395 0.401874436 84 
1590060890.136345625 0.098449432 84 
1590060890.220206261 0.083860477 72 
1590060890.636226654 0.416020578 84 
1590060890.770242929 0.134016081 72 
1590060891.037958145 0.267715224 84 
1590060891.136288166 0.098329978 84 
1590060891.636520624 0.500232604 84 
1590060892.037958622 0.401438061 84 
1590060892.136262178 0.098303554 84 
1590060892.635881186 0.499618846 84 
1590060892.722285032 0.086403814 72 
1590060893.037376642 0.315091717 84 
1590060893.136212826 0.098836159 84 
1590060893.272300959 0.136088209 72 
1590060893.636338711 0.364037644 84 
1590060894.037937403 0.401598692 84 
1590060894.136057615 0.098120191 84 
1590060894.636310339 0.500252754 84 
1590060895.038186789 0.401876599 84 
1590060895.136273146 0.098086130 84 
1590060895.225231409 0.088958345 72 
1590060895.635777473 0.410546040 84 
1590060895.776171446 0.140394100 72 
1590060896.037508011 0.261336477 84 
1590060896.136303902 0.098795896 84 
1590060896.636322021 0.500018194 84 
1590060897.037909746 0.401587762 84 
1590060897.136238575 0.098328846 84 
1590060897.636275053 0.500036271 84 
1590060897.728243113 0.091968107 72 
1590060898.037667274 0.309424156 84 
1590060898.136152506 0.098485372 84 
1590060898.278196573 0.142043924 72 
1590060898.635691404 0.357494892 84 
1590060899.037943840 0.402252364 84 
1590060899.136081219 0.098137462 84 
1590060899.636301279 0.500220032 84 
1590060900.037924528 0.401623374 84 
1590060900.136369944 0.098445403 84 
1590060900.229272366 0.092902352 72 
1590060900.636060953 0.406788580 84 
1590060900.780158520 0.144097532 72 
1590060901.037909746 0.257751155 84 
1590060901.136322498 0.098412756 84 
1590060901.635856390 0.499533942 84 
1590060902.037954092 0.402097754 84 
1590060902.135857105 0.097902940 84 
1590060902.636289120 0.500432033 84 
1590060902.739256859 0.102967843 72 
1590060903.037634850 0.298377852 84 
1590060903.135964632 0.098329840 84 
1590060903.282176256 0.146211598 72 
1590060903.636245728 0.354069503 84 
1590060904.038157463 0.401911686 84 
1590060904.135749340 0.097591879 84 
1590060904.636209965 0.500460779 84 
1590060905.037905455 0.401695365 84 
1590060905.136380196 0.098474841 84 
1590060905.241281509 0.104901320 72 
1590060905.636246920 0.394965268 84 
1590060905.783179998 0.146933210 72 
1590060906.037946463 0.254766322 84 
1590060906.136281729 0.098335400 84 
1590060906.635779858 0.499498076 84 
1590060907.037950039 0.402170095 84 
1590060907.135970592 0.098020589 84 
1590060907.636250257 0.500279795 84 
1590060907.743225574 0.106975199 72 
1590060908.037648678 0.294423220 84 
1590060908.135985613 0.098336726 84 
1590060908.286250353 0.150264745 72 
1590060908.636257410 0.350007082 84 
1590060909.037882328 0.401625072 84 
1590060909.136248350 0.098365984 84 
1590060909.636330128 0.500081868 84 
1590060910.037923813 0.401593551 84 
1590060910.136315346 0.098391544 84 
1590060910.244214535 0.107899169 72 
1590060910.635717392 0.391502917 84 
1590060910.788197994 0.152480548 72 
1590060911.037874937 0.249677064 84 
1590060911.136405468 0.098530501 84 
1590060911.636261702 0.499856215 84 
1590060912.037913561 0.401651876 84 
1590060912.136323214 0.098409613 84 
1590060912.636337280 0.500013938 84 
1590060912.745283365 0.108946152 72 
1590060913.037600994 0.292317617 84 
1590060913.136332750 0.098731688 84 
1590060913.290155172 0.153822474 72 
1590060913.636724472 0.346569438 84 
1590060914.038080215 0.401355549 84 
1590060914.136176825 0.098096647 84 
1590060914.636188030 0.500011247 84 
1590060915.037896872 0.401708850 84 
1590060915.136339664 0.098442820 84 
1590060915.249313354 0.112973609 72 
1590060915.636196852 0.386883616 84 
1590060915.792173862 0.155977034 72 
1590060916.037880659 0.245706850 84 
1590060916.136415243 0.098534453 84 
1590060916.636292219 0.499877065 84 
1590060917.037875175 0.401582828 84 
1590060917.136287928 0.098412885 84 
1590060917.636191845 0.499903793 84 
1590060917.753287792 0.117095917 72 
1590060918.037628412 0.284340805 84 
1590060918.136455774 0.098827304 84 
1590060918.293193817 0.156738101 72 
1590060918.636291027 0.343097107 84 
1590060919.037864447 0.401573388 84 
1590060919.136201859 0.098337498 84 
1590060919.636334658 0.500132653 84 
1590060920.037865400 0.401530766 84 
1590060920.136305094 0.098439748 84 
1590060920.258227110 0.121922107 72 
1590060920.636267662 0.378040397 84 
1590060920.795239925 0.158972220 72 
1590060921.037987232 0.242747542 84 
1590060921.136301994 0.098314730 84 
1590060921.635704994 0.499402973 84 
1590060922.037909508 0.402204481 84 
1590060922.136279821 0.098370245 84 
1590060922.636307955 0.500028142 84 
1590060922.759229660 0.122921787 72 
1590060923.037648678 0.278419053 84 
1590060923.136287689 0.098638829 84 
1590060923.297256947 0.160969375 72 
1590060923.636243343 0.338986365 84 
1590060924.038181067 0.401937678 84 
1590060924.136207104 0.098025982 84 
1590060924.636271954 0.500064900 84 
1590060925.037914515 0.401642581 84 
1590060925.136042118 0.098127531 84 
1590060925.261278391 0.125236402 72 
1590060925.636273861 0.374995505 84 
1590060925.798203945 0.161929980 72 
1590060926.037864447 0.239660631 84 
1590060926.136522770 0.098658244 84 
1590060926.636318684 0.499795805 84 
1590060927.037915468 0.401596889 84 
1590060927.136274099 0.098358705 84 
1590060927.636210203 0.499936156 84 
1590060927.763276100 0.127065804 72 
1590060928.037665606 0.274389577 84 
1590060928.136259079 0.098593424 84 
1590060928.299252748 0.162993733 72 
1590060928.636197805 0.336945002 84 
1590060929.037838221 0.401640427 84 
1590060929.136492491 0.098654249 84 
1590060929.636282444 0.499789981 84 
1590060930.037847996 0.401565402 84 
1590060930.136287451 0.098439585 84 
1590060930.264237404 0.127949996 72 
1590060930.636229992 0.371992421 84 
1590060930.800223351 0.163993448 72 
1590060931.037848473 0.237625036 84 
1590060931.136253119 0.098404690 84 
1590060931.636283636 0.500030449 84 
1590060932.037914276 0.401630683 84 
1590060932.135830879 0.097916553 84 
1590060932.636272430 0.500441765 84 
1590060932.766261101 0.129988482 72 
1590060933.037619591 0.271358598 84 
1590060933.136291742 0.098672156 84 
1590060933.304262400 0.167970675 72 
1590060933.636355162 0.332092616 84 
1590060934.037866116 0.401510995 84 
1590060934.136273384 0.098407376 84 
1590060934.636778355 0.500504806 84 
1590060935.037870884 0.401092696 84 
1590060935.136248112 0.098377224 84 
1590060935.271246433 0.134998269 72 
1590060935.636329651 0.365083207 84 
1590060935.805196762 0.168867139 72 
1590060936.037873507 0.232676610 84 
1590060936.136290073 0.098416650 84 
1590060936.636346817 0.500056834 84 
1590060937.037855625 0.401508638 84 
1590060937.136304379 0.098448900 84 
1590060937.636346340 0.500042024 84 
1590060937.778296709 0.141950283 72 
1590060938.037572384 0.259275722 84 
1590060938.136313200 0.098740770 84 
1590060938.308194399 0.171881286 72 
1590060938.636206150 0.328011698 84 
1590060939.038230658 0.402024566 84 
1590060939.136435986 0.098205325 84 
1590060939.636357784 0.499921577 84 
1590060940.037839413 0.401481629 84 
1590060940.136242867 0.098403535 84 
1590060940.281319618 0.145076690 72 
1590060940.636298180 0.354978722 84 
1590060940.809240580 0.172942266 72 
1590060941.037875414 0.228635017 84 
1590060941.136221647 0.098346099 84 
1590060941.636327505 0.500105947 84 
1590060942.037906408 0.401578844 84 
1590060942.136222601 0.098316247 84 
1590060942.636208296 0.499985731 84 
1590060942.782292604 0.146084137 72 
1590060943.037610292 0.255317732 84 
1590060943.136361599 0.098751406 84 
1590060943.313171864 0.176810166 72 
1590060943.636083364 0.322911415 84 
1590060944.037900209 0.401816908 84 
1590060944.136363268 0.098463184 84 
1590060944.636344910 0.499981487 84 
1590060945.037832499 0.401487688 84 
1590060945.136131048 0.098298544 84 
1590060945.283244610 0.147113504 72 
1590060945.636301279 0.353056735 84 
1590060945.816188335 0.179887062 72 
1590060946.037878275 0.221689825 84 
1590060946.136367798 0.098489710 84 
1590060946.636263847 0.499895956 84 
1590060947.037830830 0.401566947 84 
1590060947.135869980 0.098039154 84 
1590060947.635632992 0.499763087 84 
1590060947.786304951 0.150671969 72 
1590060948.037609100 0.251304181 84 
1590060948.135921717 0.098312437 84 
1590060948.319199562 0.183278047 72 
1590060948.636238337 0.317038719 84 
1590060949.037848473 0.401610113 84 
1590060949.136555433 0.098706944 84 
1590060949.635737181 0.499181643 84 
1590060950.037827492 0.402090396 84 
1590060950.136232615 0.098405129 84 
1590060950.289236784 0.153004229 72 
1590060950.636222601 0.346985735 84 
1590060950.821181059 0.184958455 72 
1590060951.037816048 0.216635014 84 
1590060951.135627985 0.097811820 84 
1590060951.636327505 0.500699548 84 
1590060952.037863255 0.401535802 84 
1590060952.135715723 0.097852521 84 
1590060952.636264086 0.500548455 84 
1590060952.791347265 0.155083036 72 
1590060953.037682056 0.246334813 84 
1590060953.136331558 0.098649518 84 
1590060953.323237658 0.186906019 72 
1590060953.635736227 0.312498536 84 
1590060954.037850618 0.402114442 84 
1590060954.136310577 0.098459961 84 
1590060954.636285305 0.499974700 84 
1590060955.037846327 0.401560989 84 
1590060955.135667324 0.097821230 84 
1590060955.293246269 0.157578815 72 
1590060955.636221886 0.342975737 84 
1590060955.825271130 0.189049185 72 
1590060956.037854910 0.212583757 84 
1590060956.136247158 0.098392227 84 
1590060956.635782003 0.499534791 84 
1590060957.037881613 0.402099618 84 
1590060957.136031628 0.098150142 84 
1590060957.636336565 0.500304865 84 
1590060957.794263363 0.157926863 72 
1590060958.037626028 0.243362483 84 
1590060958.136352777 0.098726867 84 
1590060958.329187155 0.192834271 72 
1590060958.636259317 0.307072164 84 
1590060959.037832975 0.401573642 84 
1590060959.135743856 0.097910887 84 
1590060959.636360168 0.500616485 84 
1590060960.037877083 0.401516783 84 
1590060960.136210680 0.098333705 84 
1590060960.296253681 0.160043069 72 
1590060960.636322021 0.340068285 84 
1590060960.831257820 0.194935808 72 
1590060961.037827492 0.206569709 84 
1590060961.136009455 0.098181855 84 
1590060961.635813236 0.499803717 84 
1590060962.037861586 0.402048334 84 
1590060962.135673761 0.097812316 84 
1590060962.636093378 0.500419563 84 
1590060962.801251650 0.165158342 72 
1590060963.037575483 0.236323654 84 
1590060963.135947466 0.098372012 84 
1590060963.335217476 0.199269973 72 
1590060963.636200190 0.300982727 84 
1590060964.037978172 0.401778196 84 
1590060964.136373520 0.098395119 84 
1590060964.636514187 0.500140752 84 
1590060965.037818193 0.401303985 84 
1590060965.135905981 0.098087854 84 
1590060965.308245659 0.172339610 72 
1590060965.636201620 0.327956128 84 
1590060965.839242458 0.203040721 72 
1590060966.037837267 0.198594841 84 
1590060966.136321068 0.098483875 84 
1590060966.635816336 0.499495169 84 
1590060967.037863493 0.402047215 84 
1590060967.136303663 0.098440084 84 
1590060967.636101723 0.499798113 84 
1590060967.809271574 0.173169709 72 
1590060968.037567854 0.228296469 84 
1590060968.135791540 0.098223614 84 
1590060968.340204954 0.204413408 72 
1590060968.635726690 0.295521692 84 
1590060969.037863731 0.402137161 84 
1590060969.136361361 0.098497482 84 
1590060969.635869980 0.499508700 84 
1590060970.037839174 0.401969268 84 
1590060970.136528730 0.098689391 84 
1590060970.311260223 0.174731561 72 
1590060970.636048317 0.324788066 84 
1590060970.842209101 0.206160815 72 
1590060971.037861347 0.195652324 84 
1590060971.136228323 0.098366996 84 
1590060971.636174202 0.499945738 84 
1590060972.037863255 0.401689083 84 
1590060972.136188269 0.098324923 84 
1590060972.635813951 0.499625736 84 
1590060972.813289165 0.177475320 72 
1590060973.037566662 0.224277539 84 
1590060973.136033773 0.098466975 84 
1590060973.343201876 0.207168099 72 
1590060973.636427402 0.293225508 84 
1590060974.037439823 0.401012493 84 
1590060974.135590076 0.098150280 84 
1590060974.636277914 0.500687733 84 
1590060975.037808418 0.401530579 84 
1590060975.135840178 0.098031750 84 
1590060975.316279173 0.180438990 72 
1590060975.635723829 0.319444649 84 
1590060975.845259666 0.209535980 72 
1590060976.037824631 0.192564747 84 
1590060976.136718512 0.098894066 84 
1590060976.635979891 0.499261199 84 
1590060977.037803173 0.401823426 84 
1590060977.136341810 0.098538647 84 
1590060977.636375427 0.500033598 84 
1590060977.818260908 0.181885353 72 
1590060978.037569046 0.219308321 84 
1590060978.136544228 0.098975078 84 
1590060978.347203970 0.210659842 72 
1590060978.636156559 0.288952503 84 
1590060979.037825108 0.401668538 84 
1590060979.136379957 0.098554891 84 
1590060979.636312246 0.499932286 84 
1590060980.037791729 0.401479384 84 
1590060980.136345863 0.098554313 84 
1590060980.321290255 0.184944365 72 
1590060980.635998249 0.314707806 84 
1590060980.849274635 0.213276439 72 
1590060981.037800550 0.188525983 84 
1590060981.135890484 0.098089861 84 
1590060981.636036634 0.500146312 84 
1590060982.037845850 0.401809176 84 
1590060982.135844469 0.097998654 84 
1590060982.636500120 0.500655628 84 
1590060982.822264910 0.185764666 72 
1590060983.037548542 0.215283652 84 
1590060983.135869741 0.098321234 84 
1590060983.350227118 0.214357348 72 
1590060983.636313200 0.286086151 84 
1590060984.037840605 0.401527391 84 
1590060984.136346102 0.098505556 84 
1590060984.636332512 0.499986255 84 
1590060985.037806034 0.401473663 84 
1590060985.136232615 0.098426489 84 
1590060985.325621843 0.189389197 72 
1590060985.636408806 0.310786938 84 
1590060985.853230953 0.216822133 72 
1590060986.037862062 0.184631216 84 
1590060986.136322737 0.098460676 84 
1590060986.635700226 0.499377576 84 
1590060987.037816286 0.402116004 84 
1590060987.136319399 0.098503119 84 
1590060987.636330366 0.500010880 84 
1590060987.827247620 0.190917204 72 
1590060988.037536621 0.210289099 84 
1590060988.136419058 0.098882495 84 
1590060988.355384588 0.218965551 72 
1590060988.636327267 0.280942622 84 
1590060989.037820578 0.401493356 84 
1590060989.136376143 0.098555566 84 
1590060989.635679722 0.499303556 84 
1590060990.037806034 0.402126130 84 
1590060990.136500120 0.098694301 84 
1590060990.331253529 0.194753198 72 
1590060990.636340618 0.305087184 84 
1590060990.856233835 0.219893280 72 
1590060991.037861347 0.181627370 84 
1590060991.136340857 0.098479486 84 
1590060991.636259556 0.499918787 84 
1590060992.037809372 0.401549756 84 
1590060992.136318684 0.098509430 84 
1590060992.636290312 0.499971582 84 
1590060992.835294247 0.199004023 72 
1590060993.037610769 0.202316421 84 
1590060993.136255503 0.098644731 84 
1590060993.359229565 0.222974076 72 
1590060993.636027575 0.276798091 84 
1590060994.037840128 0.401812592 84 
1590060994.136370659 0.098530347 84 
1590060994.636310577 0.499939950 84 
1590060995.037809372 0.401498831 84 
1590060995.136351347 0.098542097 84 
1590060995.336261034 0.199909661 72 
1590060995.636364937 0.300103885 84 
1590060995.862225294 0.225860283 72 
1590060996.037795782 0.175570460 84 
1590060996.136363506 0.098567722 84 
1590060996.636389017 0.500025462 84 
1590060997.037834167 0.401445146 84 
1590060997.136348486 0.098514527 84 
1590060997.636186361 0.499837670 84 
1590060997.839301586 0.203115334 72 
1590060998.037545681 0.198244137 84 
1590060998.136326551 0.098780847 84 
1590060998.363258839 0.226932196 72 
1590060998.636307001 0.273048219 84 
1590060999.037854910 0.401547830 84 
1590060999.136316776 0.098461998 84 
1590060999.636364222 0.500047496 84 
1590061000.037835598 0.401471372 84 
1590061000.136378050 0.098542325 84 
1590061000.341310501 0.204932482 72 
1590061000.636368752 0.295058319 84 
1590061000.864257812 0.227889074 72 
1590061001.037852764 0.173594788 84 
1590061001.136361599 0.098508873 84 
1590061001.636228085 0.499866428 84 
1590061002.037821770 0.401593714 84 
1590061002.136216640 0.098394892 84 
1590061002.636343718 0.500127005 84 
1590061002.847277641 0.210934036 72 
1590061003.037551165 0.190273436 84 
1590061003.136259556 0.098708413 84 
1590061003.366212606 0.229953198 72 
1590061003.636356831 0.270144052 84 
1590061004.037604094 0.401247262 84 
1590061004.136110067 0.098506007 84 
1590061004.635761499 0.499651430 84 
1590061005.038358927 0.402597485 84 
1590061005.136236906 0.097878052 84 
1590061005.353327036 0.217090149 72 
1590061005.636265278 0.282938056 84 
1590061005.869418621 0.233153344 72 
1590061006.037852049 0.168433492 84 
1590061006.136356354 0.098504287 84 
1590061006.636260748 0.499904425 84 
1590061007.038015366 0.401754657 84 
1590061007.136373520 0.098358065 84 
1590061007.636404753 0.500031396 84 
1590061007.859332561 0.222927652 72 
1590061008.037554979 0.178222541 84 
1590061008.136552095 0.098996995 84 
1590061008.371228456 0.234676403 72 
1590061008.636379004 0.265150646 84 
1590061009.037800074 0.401420885 84 
1590061009.136164665 0.098364807 84 
1590061009.636086702 0.499921906 84 
1590061010.037850380 0.401763689 84 
1590061010.136212826 0.098362494 84 
1590061010.361258984 0.225046085 72 
1590061010.636224508 0.274965462 84 
1590061010.877265692 0.241041309 72 
1590061011.037814617 0.160548786 84 
1590061011.136351585 0.098537189 84 
1590061011.636351347 0.499999751 84 
1590061012.037869692 0.401518171 84 
1590061012.136389256 0.098519531 84 
1590061012.636237383 0.499848214 84 
1590061012.863268375 0.227030908 72 
1590061013.037515163 0.174246936 84 
1590061013.136056900 0.098541770 84 
1590061013.378278255 0.242221231 72 
1590061013.636327505 0.258049218 84 
1590061014.038316011 0.401988674 84 
1590061014.135805130 0.097489063 84 
1590061014.636528254 0.500723131 84 
1590061015.037862539 0.401334365 84 
1590061015.136350393 0.098487827 84 
1590061015.366277456 0.229926868 72 
1590061015.636030197 0.269752950 84 
1590061015.882261276 0.246230905 72 
1590061016.037844896 0.155583733 84 
1590061016.136085987 0.098241073 84 
1590061016.635803699 0.499717615 84 
1590061017.037841082 0.402037374 84 
1590061017.136538267 0.098697258 84 
1590061017.636101246 0.499563089 84 
1590061017.867315769 0.231214502 72 
1590061018.037537336 0.170221465 84 
1590061018.135752916 0.098215570 84 
1590061018.385220528 0.249467603 72 
1590061018.636037350 0.250816922 84 
1590061019.037816763 0.401779243 84 
1590061019.136587858 0.098771252 84 
1590061019.636221170 0.499633286 84 
1590061020.038017511 0.401796328 84 
1590061020.135958433 0.097941006 84 
1590061020.368266344 0.232307900 72 
1590061020.635818720 0.267552347 84 
1590061020.884228945 0.248410144 72 
1590061021.037795305 0.153566373 84 
1590061021.135794640 0.097999437 84 
1590061021.636543751 0.500749119 84 
1590061022.037811756 0.401267875 84 
1590061022.136325836 0.098514004 84 
1590061022.635638475 0.499312867 84 
1590061022.872309923 0.236671300 72 
1590061023.037536144 0.165226167 84 
1590061023.136344910 0.098808733 84 
1590061023.386300087 0.249955262 72 
1590061023.635557413 0.249257370 84 
1590061024.037808895 0.402251404 84 
1590061024.136536360 0.098727514 84 
1590061024.635492086 0.498955788 84 
1590061025.037794828 0.402302803 84 
1590061025.136234999 0.098440043 84 
1590061025.375286818 0.239051949 72 
1590061025.636132002 0.260845136 84 
1590061025.887264729 0.251132784 72 
1590061026.037795305 0.150530412 84 
1590061026.136183739 0.098388569 84 
1590061026.636518002 0.500334286 84 
1590061027.038353920 0.401835865 84 
1590061027.136129141 0.097775181 84 
1590061027.635505676 0.499376579 84 
1590061027.877304792 0.241799043 72 
1590061028.037533522 0.160228831 84 
1590061028.135906458 0.098372833 84 
1590061028.389465809 0.253559443 72 
1590061028.636324883 0.246859064 84 
1590061029.037807465 0.401482409 84 
1590061029.136526346 0.098719012 84 
1590061029.635706663 0.499180228 84 
1590061030.037807465 0.402100968 84 
1590061030.136682510 0.098874838 84 
1590061030.380330086 0.243647663 72 
1590061030.636445761 0.256115593 84 
1590061030.898257017 0.261811436 72 
1590061031.037821770 0.139564627 84 
1590061031.136117458 0.098295725 84 
1590061031.635579824 0.499462489 84 
1590061032.037818193 0.402238364 84 
1590061032.136504889 0.098686479 84 
1590061032.635600328 0.499095632 84 
1590061032.884330988 0.248730547 72 
1590061033.037508965 0.153177952 84 
1590061033.136357069 0.098848159 84 
1590061033.401216507 0.264859322 72 
1590061033.635719061 0.234502713 84 
1590061034.037796259 0.402077137 84 
1590061034.136331558 0.098535341 84 
1590061034.636462212 0.500130585 84 
1590061035.037510633 0.401048452 84 
1590061035.135859013 0.098348411 84 
1590061035.385314465 0.249455317 72 
1590061035.636472940 0.251158499 84 
1590061035.904226542 0.267753596 72 
1590061036.037803888 0.133577551 84 
1590061036.135699987 0.097896027 84 
1590061036.636466980 0.500767050 84 
1590061037.037801027 0.401333879 84 
1590061037.136351109 0.098550081 84 
1590061037.636067629 0.499716681 84 
1590061037.887287617 0.251219946 72 
1590061038.037507534 0.150219811 84 
1590061038.136412144 0.098904661 84 
1590061038.410240889 0.273828834 72 
1590061038.636571884 0.226330814 84 
1590061039.037816763 0.401245047 84 
1590061039.136428356 0.098611529 84 
1590061039.636378050 0.499949734 84 
1590061040.038315058 0.401937004 84 
1590061040.136438370 0.098123387 84 
1590061040.389286280 0.252847835 72 
1590061040.636409760 0.247123333 84 
1590061040.912261248 0.275851707 72 
1590061041.037855625 0.125594258 84 
1590061041.136343956 0.098488399 84 
1590061041.636339664 0.499995754 84 
1590061042.037865162 0.401525300 84 
1590061042.136235237 0.098370094 84 
1590061042.636206150 0.499970906 84 
1590061042.892285347 0.256079327 72 
1590061043.037553549 0.145268135 84 
1590061043.136381149 0.098827583 84 
1590061043.413308144 0.276927061 72 
1590061043.636386633 0.223078533 84 
1590061044.037862778 0.401476136 84 
1590061044.136386395 0.098523495 84 
1590061044.636371613 0.499985221 84 
1590061045.037922144 0.401550658 84 
1590061045.136185884 0.098263671 84 
1590061045.393277645 0.257091719 72 
1590061045.636448383 0.243170737 84 
1590061045.915235043 0.278786665 72 
1590061046.037801743 0.122566825 84 
1590061046.136253834 0.098452042 84 
1590061046.636427402 0.500173533 84 
1590061047.038325071 0.401897597 84 
1590061047.135577917 0.097252870 84 
1590061047.635872841 0.500295067 84 
1590061047.895327806 0.259454809 72 
1590061048.037548542 0.142220692 84 
1590061048.136366367 0.098817984 84 
1590061048.416235447 0.279869074 72 
1590061048.636287451 0.220051907 84 
1590061049.037814140 0.401526669 84 
1590061049.136675596 0.098861598 84 
1590061049.636313200 0.499637563 84 
1590061050.037816048 0.401502914 84 
1590061050.135869980 0.098053715 84 
1590061050.396299839 0.260429936 72 
1590061050.636342049 0.240042340 84 
1590061050.917233944 0.280891869 72 
1590061051.037862539 0.120628533 84 
1590061051.136354446 0.098491996 84 
1590061051.636342049 0.499987506 84 
1590061052.037865162 0.401523153 84 
1590061052.136373281 0.098508148 84 
1590061052.636405230 0.500031950 84 
1590061052.898284197 0.261878930 72 
1590061053.037514687 0.139230540 84 
1590061053.136276007 0.098761233 84 
1590061053.422273397 0.285997323 72 
1590061053.636240005 0.213966697 84 
1590061054.037865877 0.401625758 84 
1590061054.136266470 0.098400662 84 
1590061054.636353254 0.500086759 84 
1590061055.037866116 0.401513022 84 
1590061055.136257648 0.098391368 84 
1590061055.399275780 0.263018196 72 
1590061055.636350632 0.237074797 84 
1590061055.925432444 0.289081788 72 
1590061056.037823915 0.112391637 84 
1590061056.136355639 0.098531528 84 
1590061056.636334419 0.499978945 84 
1590061057.038524151 0.402189685 84 
1590061057.136363268 0.097839190 84 
1590061057.636296511 0.499933065 84 
1590061057.904281378 0.267984903 72 
1590061058.037494659 0.133213292 84 
1590061058.136418819 0.098924288 84 
1590061058.426315784 0.289896907 72 
1590061058.636402845 0.210086969 84 
1590061059.038197279 0.401794388 84 
1590061059.136323929 0.098126754 84 
1590061059.636340857 0.500016992 84 
1590061060.037865162 0.401524196 84 
1590061060.136082411 0.098217325 84 
1590061060.412269831 0.276187488 72 
1590061060.636809349 0.224539410 84 
1590061060.927244663 0.290435276 72 
1590061061.037866831 0.110622119 84 
1590061061.136311054 0.098444437 84 
1590061061.636342287 0.500031005 84 
1590061062.037861347 0.401519092 84 
1590061062.136381388 0.098520027 84 
1590061062.636178732 0.499797363 84 
1590061062.913298607 0.277119906 72 
1590061063.037592888 0.124294296 84 
1590061063.136352301 0.098759397 84 
1590061063.429282904 0.292930717 72 
1590061063.636369705 0.207086844 84 
1590061064.037851572 0.401481790 84 
1590061064.136339664 0.098488041 84 
1590061064.636372566 0.500032884 84 
1590061065.037908316 0.401535796 84 
1590061065.135674000 0.097765570 84 
1590061065.415320635 0.279646632 72 
1590061065.636375904 0.221055394 84 
1590061065.930287838 0.293911949 72 
1590061066.037893057 0.107605158 84 
1590061066.136353493 0.098460363 84 
1590061066.636470318 0.500117037 84 
1590061067.037873507 0.401403138 84 
1590061067.136395454 0.098521810 84 
1590061067.636047602 0.499652136 84 
1590061067.917281151 0.281233658 72 
1590061068.037496567 0.120215420 84 
1590061068.136350632 0.098854147 84 
1590061068.432301044 0.295950250 72 
1590061068.636377573 0.204076618 84 
1590061069.037870407 0.401492905 84 
1590061069.136382341 0.098511905 84 
1590061069.636396408 0.500014032 84 
1590061070.037827253 0.401430778 84 
1590061070.135902882 0.098075748 84 
1590061070.418315887 0.282412799 72 
1590061070.636447906 0.218132103 84 
1590061070.934359789 0.297911978 72 
1590061071.037880182 0.103520259 84 
1590061071.136421919 0.098541850 84 
1590061071.635960340 0.499538462 84 
1590061072.037823677 0.401863355 84 
1590061072.136402130 0.098578424 84 
1590061072.636327744 0.499925578 84 
1590061072.919304132 0.282976349 72 
1590061073.037519455 0.118215441 84 
1590061073.136019230 0.098499679 84 
1590061073.435286045 0.299266821 72 
1590061073.635658026 0.200372015 84 
1590061074.037867308 0.402209334 84 
1590061074.136450291 0.098582969 84 
1590061074.636393547 0.499943114 84 
1590061075.038295507 0.401901903 84 
1590061075.136192322 0.097896874 84 
1590061075.421297789 0.285105573 72 
1590061075.636560202 0.215262246 84 
1590061075.937273502 0.300713484 72 
1590061076.037820578 0.100547056 84 
1590061076.136463404 0.098642758 84 
1590061076.635849237 0.499385885 84 
1590061077.037847757 0.401998567 84 
1590061077.136403084 0.098555139 84 
1590061077.636421204 0.500018215 84 
1590061077.923303604 0.286882425 72 
1590061078.037496090 0.114192548 84 
1590061078.135920286 0.098424106 84 
1590061078.439264774 0.303344446 72 
1590061078.636411905 0.197147166 84 
1590061079.037908077 0.401496206 84 
1590061079.136293888 0.098385760 84 
1590061079.636295319 0.500001375 84 
1590061080.038492441 0.402197157 84 
1590061080.136164665 0.097672161 84 
1590061080.427353382 0.291188832 72 
1590061080.636342525 0.208989182 84 
1590061080.940265894 0.303923298 72 
1590061081.037843943 0.097578058 84 
1590061081.135564327 0.097720309 84 
1590061081.636340141 0.500775912 84 
1590061082.038397074 0.402056946 84 
1590061082.135925770 0.097528695 84 
1590061082.636720657 0.500794902 84 
1590061082.938305616 0.301584858 72 
1590061083.037477732 0.099172079 84 
1590061083.136244297 0.098766649 84 
1590061083.441258907 0.305014589 72 
1590061083.636050940 0.194792083 84 
1590061084.038323164 0.402272156 84 
1590061084.136250257 0.097927242 84 
1590061084.636282921 0.500032499 84 
1590061085.038140535 0.401857723 84 
1590061085.136465549 0.098325076 84 
1590061085.440294027 0.303828468 72 
1590061085.635694504 0.195400472 84 
1590061085.943257332 0.307562684 72 
1590061086.038355112 0.095097801 84 
1590061086.135644436 0.097289467 84 
1590061086.636135340 0.500490826 84 
1590061087.038210630 0.402075379 84 
1590061087.135601044 0.097390380 84 
1590061087.636122704 0.500521702 84 
1590061087.942299604 0.306176822 72 
1590061088.037514687 0.095215140 84 
1590061088.136487246 0.098972491 84 
1590061088.444272041 0.307784742 72 
1590061088.636625767 0.192353714 84 
1590061089.038121223 0.401495419 84 
1590061089.136837959 0.098716916 84 
1590061089.635921240 0.499083143 84 
1590061090.037943602 0.402022425 84 
1590061090.136205673 0.098262113 84 
1590061090.443312168 0.307106423 72 
1590061090.636231422 0.192919347 84 
1590061090.946305275 0.310073842 72 
1590061091.037948608 0.091643272 84 
1590061091.135735989 0.097787329 84 
1590061091.635904312 0.500168296 84 
1590061092.038007021 0.402102718 84 
1590061092.135689259 0.097682311 84 
1590061092.635585785 0.499896505 84 
1590061092.946355104 0.310769293 72 
1590061093.037632465 0.091277333 84 
1590061093.136415005 0.098782643 84 
1590061093.447296858 0.310881757 72 
1590061093.636517763 0.189220933 84 
1590061094.037837267 0.401319545 84 
1590061094.135918379 0.098081152 84 
1590061094.635794401 0.499875930 84 
1590061095.038188219 0.402393780 84 
1590061095.136503696 0.098315601 84 
1590061095.447315216 0.310811427 72 
1590061095.636383295 0.189068133 84 
1590061095.949290514 0.312907101 72 
1590061096.037916899 0.088626524 84 
1590061096.136433840 0.098516995 84 
1590061096.636427164 0.499993225 84 
1590061097.037967920 0.401540720 84 
1590061097.135754108 0.097786128 84 
1590061097.636339188 0.500585127 84 
1590061097.952314138 0.315974906 72 
1590061098.037761688 0.085447750 84 
1590061098.136378765 0.098616971 84 
1590061098.455258131 0.318879263 72 
1590061098.636383533 0.181125415 84 
1590061099.037839174 0.401455673 84 
1590061099.136420488 0.098581480 84 
1590061099.636473894 0.500053214 84 
1590061100.037852526 0.401378652 84 
1590061100.136398077 0.098545531 84 
1590061100.456296921 0.319898908 72 
1590061100.636421680 0.180124869 84 
1590061100.957312107 0.320890299 72 
1590061101.037863493 0.080551451 84 
1590061101.136411428 0.098547804 84 
1590061101.636470079 0.500058855 84 
1590061102.037893057 0.401422939 84 
1590061102.136462688 0.098569492 84 
1590061102.636296749 0.499834172 84 
1590061102.959333181 0.323036444 72 
1590061103.037576914 0.078243672 84 
1590061103.135624409 0.098047622 84 
1590061103.460277081 0.324652517 72 
1590061103.636418581 0.176141446 84 
1590061104.037907362 0.401488923 84 
1590061104.136378288 0.098470867 84 
1590061104.636337996 0.499959761 84 
1590061105.037869453 0.401531320 84 
1590061105.136420012 0.098550701 84 
1590061105.462302446 0.325882487 72 
1590061105.636460781 0.174158198 84 
1590061105.963312626 0.326851993 72 
1590061106.037975311 0.074662494 84 
1590061106.137022972 0.099047870 84 
1590061106.636437893 0.499414908 84 
1590061107.037888765 0.401450684 84 
1590061107.136301994 0.098413392 84 
1590061107.636276484 0.499974464 84 
1590061107.964305401 0.328028802 72 
1590061108.037467241 0.073161896 84 
1590061108.136381626 0.098914473 84 
1590061108.466303110 0.329921439 72 
1590061108.636335373 0.170032303 84 
1590061109.037863255 0.401527690 84 
1590061109.136316538 0.098453493 84 
1590061109.636506557 0.500189926 84 
1590061110.037900448 0.401393908 84 
1590061110.136398792 0.098498244 84 
1590061110.466418028 0.330019289 72 
1590061110.636504889 0.170086928 84 
1590061110.971270800 0.334765875 72 
1590061111.037869215 0.066598389 84 
1590061111.136574030 0.098704948 84 
1590061111.636420250 0.499846014 84 
1590061112.037857533 0.401437479 84 
1590061112.136449575 0.098591938 84 
1590061112.636714935 0.500265288 84 
1590061112.968321323 0.331606426 72 
1590061113.037512541 0.069191298 84 
1590061113.136302471 0.098789995 84 
1590061113.472295761 0.335993170 72 
1590061113.635646105 0.163350461 84 
1590061114.037975550 0.402329253 84 
1590061114.136001825 0.098026298 84 
1590061114.636116505 0.500114737 84 
1590061115.037899971 0.401783403 84 
1590061115.136349440 0.098449649 84 
1590061115.469300270 0.332950759 72 
1590061115.636209011 0.166908817 84 
1590061115.973345757 0.337136732 72 
1590061116.037880659 0.064534702 84 
1590061116.136119604 0.098238955 84 
1590061116.635718107 0.499598487 84 
1590061117.037896633 0.402178650 84 
1590061117.136604548 0.098707862 84 
1590061117.636297464 0.499693039 84 
1590061117.971341610 0.335044002 72 
1590061118.037497759 0.066156124 84 
1590061118.136153460 0.098655829 84 
1590061118.474290371 0.338136795 72 
1590061118.636010408 0.161720163 84 
1590061119.038152456 0.402141968 84 
1590061119.136560678 0.098408316 84 
1590061119.636361361 0.499800548 84 
1590061120.037876844 0.401515652 84 
1590061120.136317015 0.098439952 84 
1590061120.473317862 0.337000900 72 
1590061120.636157513 0.162839764 84 
1590061120.975432873 0.339275323 72 
1590061121.037876368 0.062443480 84 
1590061121.136353731 0.098477362 84 
1590061121.636357546 0.500003865 84 
1590061122.037879944 0.401522440 84 
1590061122.135974646 0.098094578 84 
1590061122.636460781 0.500486114 84 
1590061122.975519657 0.339058859 72 
1590061123.037600040 0.062080349 84 
1590061123.136364222 0.098764275 84 
1590061123.476269722 0.339905572 72 
1590061123.636434317 0.160164469 84 
1590061124.038206339 0.401772032 84 
1590061124.135851860 0.097645682 84 
1590061124.635801554 0.499949553 84 
1590061125.037876606 0.402075010 84 
1590061125.135776520 0.097899918 84 
1590061125.476319075 0.340542548 72 
1590061125.636383057 0.160064170 84 
1590061125.981317759 0.344934593 72 
1590061126.037869215 0.056551428 84 
1590061126.135821342 0.097952044 84 
1590061126.636369944 0.500548772 84 
