1587135545.157557964 0.389836254 84 
1587135545.268496037 0.110938025 84 
1587135545.442076921 0.173580981 72 
1587135545.767636061 0.325559073 84 
1587135546.157317877 0.389681815 84 
1587135546.268311262 0.110993443 84 
1587135546.548655987 0.280344673 72 
1587135546.767724752 0.219068673 84 
1587135547.157616377 0.389891679 84 
1587135547.268458843 0.110842465 84 
1587135547.768252373 0.499793566 84 
1587135547.943113089 0.174860678 72 
1587135548.157391548 0.214278443 84 
1587135548.268356323 0.110964870 84 
1587135548.768263102 0.499906840 84 
1587135549.050619364 0.282356195 72 
1587135549.157708883 0.107089523 84 
1587135549.268071413 0.110362527 84 
1587135549.768276691 0.500205211 84 
1587135550.157691956 0.389415363 84 
1587135550.267794132 0.110102062 84 
1587135550.444106340 0.176312249 72 
1587135550.768581390 0.324474939 84 
1587135551.157716990 0.389135586 84 
1587135551.268709421 0.110992648 84 
1587135551.551615000 0.282905590 72 
1587135551.768654823 0.217039669 84 
1587135552.157729626 0.389074875 84 
1587135552.268690109 0.110960436 84 
1587135552.768463850 0.499773878 84 
1587135552.945158482 0.176694410 72 
1587135553.157415390 0.212256961 84 
1587135553.267957449 0.110542184 84 
1587135553.768625021 0.500667480 84 
1587135554.052673578 0.284048504 72 
1587135554.157804966 0.105131381 84 
1587135554.267971754 0.110166845 84 
1587135554.768014193 0.500042380 84 
1587135555.157810926 0.389796864 84 
1587135555.268112183 0.110301196 84 
1587135555.449115038 0.181002754 72 
1587135555.768769741 0.319654911 84 
1587135556.157833815 0.389063949 84 
1587135556.268796921 0.110963204 84 
1587135556.557603359 0.288806385 72 
1587135556.768402100 0.210798664 84 
1587135557.158886909 0.390484797 84 
1587135557.268767595 0.109880805 84 
1587135557.768685818 0.499918225 84 
1587135557.952117205 0.183431219 72 
1587135558.158452272 0.206335167 84 
1587135558.268689156 0.110236944 84 
1587135558.768516302 0.499827128 84 
1587135559.058655977 0.290139534 72 
1587135559.158907652 0.100251684 84 
1587135559.268765688 0.109858060 84 
1587135559.768033266 0.499267700 84 
1587135560.158919334 0.390886054 84 
1587135560.268289089 0.109369649 84 
1587135560.453093290 0.184804374 72 
1587135560.768678665 0.315585351 84 
1587135561.158523560 0.389844915 84 
1587135561.268656731 0.110132976 84 
1587135561.559701920 0.291045260 72 
1587135561.768562555 0.208860562 84 
1587135562.158982515 0.390419986 84 
1587135562.268189669 0.109207237 84 
1587135562.768704653 0.500515021 84 
1587135562.954173326 0.185468580 72 
1587135563.158412933 0.204239565 84 
1587135563.268686533 0.110273660 84 
1587135563.768780231 0.500093748 84 
1587135564.077618599 0.308838401 72 
1587135564.159006119 0.081387533 84 
1587135564.268709183 0.109702935 84 
1587135564.768815994 0.500106975 84 
1587135565.159016848 0.390200777 84 
1587135565.268727303 0.109710444 84 
1587135565.455156326 0.186429117 72 
1587135565.768745661 0.313589126 84 
1587135566.158972502 0.390226948 84 
1587135566.268596649 0.109624139 84 
1587135566.575779438 0.307182830 72 
1587135566.768630028 0.192850643 84 
1587135567.159208775 0.390578754 84 
1587135567.268453598 0.109244773 84 
1587135567.768696070 0.500242409 84 
1587135567.956133604 0.187437571 72 
1587135568.158368587 0.202235029 84 
1587135568.268790483 0.110421953 84 
1587135568.768674612 0.499884121 84 
1587135569.081610680 0.312935969 72 
1587135569.159095764 0.077484982 84 
1587135569.268375158 0.109279489 84 
1587135569.768664837 0.500289617 84 
1587135570.159125805 0.390460949 84 
1587135570.268641949 0.109516233 84 
1587135570.458120823 0.189478916 72 
1587135570.768782377 0.310661448 84 
1587135571.159071207 0.390288880 84 
1587135571.268713474 0.109642354 84 
1587135571.582715511 0.314001892 72 
1587135571.768766165 0.186050774 84 
1587135572.159195185 0.390429015 84 
1587135572.268620729 0.109425387 84 
1587135572.768622398 0.500001723 84 
1587135572.960168123 0.191545759 72 
1587135573.158238173 0.198069983 84 
1587135573.268387318 0.110149129 84 
1587135573.769132614 0.500745306 84 
1587135574.083842993 0.314710514 72 
1587135574.159194231 0.075351111 84 
1587135574.268625021 0.109430786 84 
1587135574.768662453 0.500037559 84 
1587135575.158252239 0.389589828 84 
1587135575.268653631 0.110401207 84 
1587135575.461120605 0.192467142 72 
1587135575.768695593 0.307574953 84 
1587135576.158279657 0.389583991 84 
1587135576.268654108 0.110374423 84 
1587135576.584645510 0.315991546 72 
1587135576.768685818 0.184040170 84 
1587135577.158247232 0.389561506 84 
1587135577.268854380 0.110607045 84 
1587135577.768658876 0.499804615 84 
1587135577.965166807 0.196507975 72 
1587135578.158339024 0.193172092 84 
1587135578.268941402 0.110602304 84 
1587135578.768679380 0.499737978 84 
1587135579.089670897 0.320991654 72 
1587135579.158275604 0.068604622 84 
1587135579.268697739 0.110422306 84 
1587135579.768716335 0.500018391 84 
1587135580.158295155 0.389578934 84 
1587135580.268710613 0.110415338 84 
1587135580.466135502 0.197425094 72 
1587135580.768697977 0.302562342 84 
1587135581.158439636 0.389741578 84 
1587135581.268610477 0.110170938 84 
1587135581.590628386 0.322017951 72 
1587135581.768686056 0.178057754 84 
1587135582.158400536 0.389714434 84 
1587135582.268446922 0.110046224 84 
1587135582.768552303 0.500105528 84 
1587135582.983175516 0.214623194 72 
1587135583.158344269 0.175168803 84 
1587135583.269190073 0.110845762 84 
1587135583.769040346 0.499850245 84 
1587135584.091598511 0.322558140 72 
1587135584.158356428 0.066757935 84 
1587135584.268684387 0.110327850 84 
1587135584.768843412 0.500159050 84 
1587135585.159046650 0.390203211 84 
1587135585.268743038 0.109696427 84 
1587135585.488189220 0.219446243 72 
1587135585.768627167 0.280438064 84 
1587135586.158404350 0.389777146 84 
1587135586.268695831 0.110291520 84 
1587135586.594633102 0.325937081 72 
1587135586.768633127 0.174000173 84 
1587135587.158388853 0.389755757 84 
1587135587.268724918 0.110335859 84 
1587135587.768661976 0.499937195 84 
1587135587.989095926 0.220433952 72 
1587135588.158361197 0.169265159 84 
1587135588.268692017 0.110330911 84 
1587135588.768695354 0.500003313 84 
1587135589.099652767 0.330957536 72 
1587135589.158420563 0.058767761 84 
1587135589.268694878 0.110274270 84 
1587135589.768848896 0.500153937 84 
1587135590.158676386 0.389827605 84 
1587135590.268634558 0.109958065 84 
1587135590.501113176 0.232478710 72 
1587135590.769406080 0.268292779 84 
1587135591.158509970 0.389103992 84 
1587135591.268759012 0.110249073 84 
1587135591.601635933 0.332876854 72 
1587135591.768705606 0.167069616 84 
1587135592.158684254 0.389978783 84 
1587135592.268690825 0.110006434 84 
1587135592.768903971 0.500213119 84 
1587135593.003114700 0.234210775 72 
1587135593.158359289 0.155244740 84 
1587135593.268643379 0.110283997 84 
1587135593.768683672 0.500040373 84 
1587135594.104662895 0.335979151 72 
1587135594.158499479 0.053836651 84 
1587135594.268642187 0.110142639 84 
1587135594.768741131 0.500098950 84 
1587135595.158591270 0.389850168 84 
1587135595.268608570 0.110017321 84 
1587135595.505147219 0.236538519 72 
1587135595.768707037 0.263559809 84 
1587135596.158477306 0.389770325 84 
1587135596.268476963 0.109999769 84 
1587135596.621686697 0.353209567 72 
1587135596.768946171 0.147259550 84 
1587135597.158601999 0.389655737 84 
1587135597.268726587 0.110124783 84 
1587135597.769151211 0.500424449 84 
1587135598.005193710 0.236042603 72 
1587135598.158372641 0.153178819 84 
1587135598.268715382 0.110342874 84 
1587135598.768647671 0.499932108 84 
1587135599.120675325 0.352027846 72 
1587135599.159312248 0.038636813 84 
1587135599.268567801 0.109255497 84 
1587135599.768626451 0.500058794 84 
1587135600.159290552 0.390664162 84 
1587135600.268685818 0.109395243 84 
1587135600.506190538 0.237504597 72 
1587135600.768705130 0.262514595 84 
1587135601.158596754 0.389891598 84 
1587135601.268697262 0.110100549 84 
1587135601.621656179 0.352958820 72 
1587135601.768705130 0.147049022 84 
1587135602.159188509 0.390483322 84 
1587135602.268777370 0.109588838 84 
1587135602.768645525 0.499868287 84 
1587135603.007107019 0.238461361 72 
1587135603.158379555 0.151272681 84 
1587135603.268637657 0.110258026 84 
1587135603.768624544 0.499986944 84 
1587135604.122643232 0.354018711 72 
1587135604.159126997 0.036483715 84 
1587135604.268615246 0.109488335 84 
1587135604.768659830 0.500044507 84 
1587135605.159078598 0.390418755 84 
1587135605.268658638 0.109580066 84 
1587135605.508151531 0.239493005 72 
1587135605.768736362 0.260584704 84 
1587135606.158998728 0.390262494 84 
1587135606.268636465 0.109637591 84 
1587135606.623649359 0.355013008 72 
1587135606.768639088 0.144989555 84 
1587135607.158941031 0.390302044 84 
1587135607.268664122 0.109723057 84 
1587135607.768730879 0.500066830 84 
1587135608.009130716 0.240399668 72 
1587135608.158382177 0.149251657 84 
1587135608.268744230 0.110361878 84 
1587135608.768656254 0.499912093 84 
1587135609.124607801 0.355951489 72 
1587135609.158354521 0.033746824 84 
1587135609.268710136 0.110355588 84 
1587135609.768715382 0.500005202 84 
1587135610.158879757 0.390164322 84 
1587135610.268677711 0.109798046 84 
1587135610.510122061 0.241444312 72 
1587135610.768729210 0.258607299 84 
1587135611.158835888 0.390106645 84 
1587135611.269250154 0.110414230 84 
1587135611.625641346 0.356391231 72 
1587135611.768654108 0.143012629 84 
1587135612.158795834 0.390141820 84 
1587135612.268723488 0.109927608 84 
1587135612.768685818 0.499962251 84 
1587135613.017117739 0.248432133 72 
1587135613.158348322 0.141230539 84 
1587135613.268681765 0.110333314 84 
1587135613.768684387 0.500002668 84 
1587135614.129662991 0.360978593 72 
1587135614.158770800 0.029107794 84 
1587135614.269678593 0.110907843 84 
1587135614.768793344 0.499114728 84 
1587135615.158711195 0.389917863 84 
1587135615.268737078 0.110025868 84 
1587135615.519124985 0.250388030 72 
1587135615.768776178 0.249650994 84 
1587135616.158907175 0.390131068 84 
1587135616.269645452 0.110738307 84 
1587135616.632629633 0.362984242 72 
1587135616.769791365 0.137161648 84 
1587135617.158696651 0.388905327 84 
1587135617.269646883 0.110950144 84 
1587135617.769761086 0.500114375 84 
1587135618.020118475 0.250357238 72 
1587135618.158541203 0.138422670 84 
1587135618.269750595 0.111209367 84 
1587135618.769815445 0.500065032 84 
1587135619.133778811 0.363963393 72 
1587135619.158773661 0.024994664 84 
1587135619.269418478 0.110644797 84 
1587135619.769289017 0.499870683 84 
1587135620.158800125 0.389511184 84 
1587135620.269939899 0.111139784 84 
1587135620.525178432 0.255238436 72 
1587135620.769721508 0.244543175 84 
1587135621.158820868 0.389099205 84 
1587135621.269668102 0.110847273 84 
1587135621.634652853 0.364984834 72 
1587135621.769685030 0.135032166 84 
1587135622.158777952 0.389092857 84 
1587135622.269725561 0.110947675 84 
1587135622.769700289 0.499974559 84 
1587135623.026116848 0.256416536 72 
1587135623.158380747 0.132264057 84 
1587135623.269740820 0.111359970 84 
1587135623.769770622 0.500029770 84 
1587135624.135625124 0.365854553 72 
1587135624.158754110 0.023129125 84 
1587135624.269685507 0.110931229 84 
1587135624.769932747 0.500247388 84 
1587135625.159104347 0.389171645 84 
1587135625.269672155 0.110567779 84 
1587135625.527135134 0.257462987 72 
1587135625.769738674 0.242603554 84 
1587135626.158848286 0.389109519 84 
1587135626.269671440 0.110823201 84 
1587135626.635604620 0.365933043 72 
1587135626.769756317 0.134151729 84 
1587135627.158788681 0.389032424 84 
1587135627.269870996 0.111082266 84 
1587135627.769780874 0.499909993 84 
1587135628.031155109 0.261374244 72 
1587135628.158371687 0.127216423 84 
1587135628.269634724 0.111263065 84 
1587135628.769739866 0.500105069 84 
1587135629.141614914 0.371875144 72 
1587135629.158812284 0.017197392 84 
1587135629.269762039 0.110949713 84 
1587135629.769708872 0.499946774 84 
1587135630.158822298 0.389113470 84 
1587135630.269769430 0.110947068 84 
1587135630.535138369 0.265369095 72 
1587135630.769731760 0.234593382 84 
1587135631.158834457 0.389102750 84 
1587135631.269761086 0.110926551 84 
1587135631.646699667 0.376938573 72 
1587135631.769690275 0.122990656 84 
1587135632.159832478 0.390142115 84 
1587135632.269733429 0.109900950 84 
1587135632.769749165 0.500015795 84 
1587135633.036185980 0.266436900 72 
1587135633.159332275 0.123146289 84 
1587135633.269651651 0.110319363 84 
1587135633.769646645 0.499994895 84 
1587135634.155681133 0.386034448 72 
1587135634.159856558 0.004175377 84 
1587135634.269652605 0.109796132 84 
1587135634.769699812 0.500047181 84 
1587135635.159905672 0.390205811 84 
1587135635.269858599 0.109952975 84 
1587135635.543137074 0.273278509 72 
1587135635.769709110 0.226572159 84 
1587135636.159912586 0.390203357 84 
1587135636.269684792 0.109772147 84 
1587135636.662699938 0.393015151 72 
1587135636.769771099 0.107071120 84 
1587135637.159894943 0.390124010 84 
1587135637.269472837 0.109577722 84 
1587135637.769726515 0.500253745 84 
1587135638.049140692 0.279414123 72 
1587135638.159322262 0.110181599 84 
1587135638.269749880 0.110427641 84 
1587135638.769768476 0.500018636 84 
1587135639.159959316 0.390190864 84 
1587135639.163687229 0.003727796 72 
1587135639.269679070 0.105991870 84 
1587135639.769738197 0.500059273 84 
1587135640.159928560 0.390190325 84 
1587135640.269793272 0.109864553 84 
1587135640.551151276 0.281358186 72 
1587135640.769900322 0.218748882 84 
1587135641.159699917 0.389799708 84 
1587135641.270731688 0.111031699 84 
1587135641.665649414 0.394917787 72 
1587135641.769659281 0.104009808 84 
1587135642.159931183 0.390271998 84 
1587135642.269668818 0.109737488 84 
1587135642.769665241 0.499996619 84 
1587135643.053187609 0.283522388 72 
1587135643.159337044 0.106149203 84 
1587135643.269672394 0.110335407 84 
1587135643.769822359 0.500150024 84 
1587135644.159994125 0.390171844 84 
1587135644.169650316 0.009656191 72 
1587135644.269702196 0.100051891 84 
1587135644.769720793 0.500018605 84 
1587135645.159999847 0.390279045 84 
1587135645.269809484 0.109809436 84 
1587135645.554137230 0.284327953 72 
1587135645.769709349 0.215572121 84 
1587135646.159666538 0.389957056 84 
1587135646.269747496 0.110081016 84 
1587135646.670671940 0.400924345 72 
1587135646.769626856 0.098954979 84 
1587135647.160013199 0.390386460 84 
1587135647.269670725 0.109657320 84 
1587135647.769691467 0.500020867 84 
1587135648.057201147 0.287509566 72 
1587135648.159417868 0.102216872 84 
1587135648.269781351 0.110363526 84 
1587135648.769829750 0.500048358 84 
1587135649.160013199 0.390183431 84 
1587135649.171656132 0.011642920 72 
1587135649.269624233 0.097968013 84 
1587135649.769728899 0.500104681 84 
1587135650.160029411 0.390300650 84 
1587135650.269716263 0.109686860 84 
1587135650.559118986 0.289402592 72 
1587135650.769712687 0.210593713 84 
1587135651.159810066 0.390097373 84 
1587135651.269658566 0.109848473 84 
1587135651.673625231 0.403966707 72 
1587135651.769729376 0.096104167 84 
1587135652.160021544 0.390292150 84 
1587135652.269654751 0.109633234 84 
1587135652.769677401 0.500022548 84 
1587135653.060135126 0.290457758 72 
1587135653.159373760 0.099238778 84 
1587135653.269558668 0.110184907 84 
1587135653.769813061 0.500254397 84 
1587135654.160064220 0.390251092 84 
1587135654.178662539 0.018598395 72 
1587135654.269663095 0.091000407 84 
1587135654.769927263 0.500264230 84 
1587135655.160060167 0.390132807 84 
1587135655.269727468 0.109667463 84 
1587135655.562170744 0.292443274 72 
1587135655.769644737 0.207474002 84 
1587135656.159836531 0.390191584 84 
1587135656.269964695 0.110128355 84 
1587135656.674656153 0.404691304 72 
1587135656.769938946 0.095282920 84 
1587135657.160098076 0.390159086 84 
1587135657.269703150 0.109604965 84 
1587135657.769876719 0.500173559 84 
1587135658.069183111 0.299306535 72 
1587135658.159331799 0.090148765 84 
1587135658.269731522 0.110399554 84 
1587135658.769811869 0.500080338 84 
1587135659.160093546 0.390281817 84 
1587135659.176643848 0.016550276 72 
1587135659.269734859 0.093090900 84 
1587135659.769735813 0.500001140 84 
1587135660.160117149 0.390381191 84 
1587135660.269762993 0.109645935 84 
1587135660.570159197 0.300396234 72 
1587135660.769631147 0.199471966 84 
1587135661.159839630 0.390208449 84 
1587135661.269666910 0.109827317 84 
1587135661.681697845 0.412030913 72 
1587135661.769906998 0.088208985 84 
1587135662.160138845 0.390232037 84 
1587135662.269765377 0.109626308 84 
1587135662.769888163 0.500122904 84 
1587135663.071190596 0.301302367 72 
1587135663.159337997 0.088147464 84 
1587135663.269790649 0.110452765 84 
1587135663.769886971 0.500096248 84 
1587135664.160166740 0.390279817 84 
1587135664.183675528 0.023508634 72 
1587135664.269942999 0.086267549 84 
1587135664.769899368 0.499956380 84 
1587135665.160180330 0.390281017 84 
1587135665.269662619 0.109482277 84 
1587135665.572216749 0.302553974 72 
1587135665.769750834 0.197534109 84 
1587135666.159885168 0.390134297 84 
1587135666.269726038 0.109840930 84 
1587135666.686805964 0.417079865 72 
1587135666.769739389 0.082933569 84 
1587135667.160177708 0.390438306 84 
1587135667.269695759 0.109517921 84 
1587135667.769714117 0.500018405 84 
1587135668.073173761 0.303459774 72 
1587135668.159383059 0.086209246 84 
1587135668.269742966 0.110359894 84 
1587135668.769654036 0.499911115 84 
1587135669.159198999 0.389544928 84 
1587135669.187613010 0.028413921 72 
1587135669.269645691 0.082032651 84 
1587135669.769821167 0.500175598 84 
1587135670.159255028 0.389433738 84 
1587135670.269793034 0.110537992 84 
1587135670.574229956 0.304437050 72 
1587135670.769635916 0.195405906 84 
1587135671.159217834 0.389581945 84 
1587135671.269800663 0.110582914 84 
1587135671.689646721 0.419845895 72 
1587135671.769669294 0.080022658 84 
1587135672.159770966 0.390101770 84 
1587135672.269927025 0.110155889 84 
1587135672.769655228 0.499728342 84 
1587135673.076209307 0.306554030 72 
1587135673.159381151 0.083171774 84 
1587135673.269731760 0.110350587 84 
1587135673.769909143 0.500177514 84 
1587135674.160246134 0.390336952 84 
1587135674.195770979 0.035524932 72 
1587135674.269686937 0.073915789 84 
1587135674.769633532 0.499946609 84 
1587135675.159251451 0.389617988 84 
1587135675.269653082 0.110401522 84 
1587135675.579155922 0.309502992 72 
1587135675.769714355 0.190558372 84 
1587135676.159301758 0.389587347 84 
1587135676.269695044 0.110393286 84 
1587135676.698661804 0.428966754 72 
1587135676.769844055 0.071182261 84 
1587135677.159314871 0.389470893 84 
1587135677.269722462 0.110407644 84 
1587135677.769733906 0.500011326 84 
1587135678.083161354 0.313427455 72 
1587135678.159307480 0.076146087 84 
1587135678.269848824 0.110541358 84 
1587135678.769883633 0.500034929 84 
1587135679.159854889 0.389971260 84 
1587135679.201681376 0.041826346 72 
1587135679.269721508 0.068040114 84 
1587135679.769700527 0.499979083 84 
1587135680.159338236 0.389637650 84 
1587135680.269646168 0.110307986 84 
1587135680.584130287 0.314484170 72 
1587135680.769702435 0.185572252 84 
1587135681.159365892 0.389663330 84 
1587135681.269653797 0.110287977 84 
1587135681.716701031 0.447047193 72 
1587135681.769645929 0.052944938 84 
1587135682.159330606 0.389684651 84 
1587135682.269738197 0.110407458 84 
1587135682.769708157 0.499970043 84 
1587135683.087152243 0.317444212 72 
1587135683.159365892 0.072213423 84 
1587135683.269661665 0.110295867 84 
1587135683.769711494 0.500049814 84 
1587135684.159364462 0.389653027 84 
1587135684.218674660 0.059310221 72 
1587135684.269739628 0.051064942 84 
1587135684.769846201 0.500106511 84 
1587135685.159408092 0.389561882 84 
1587135685.269695044 0.110287040 84 
1587135685.590161800 0.320466735 72 
1587135685.769718170 0.179556283 84 
1587135686.159404516 0.389686528 84 
1587135686.269675970 0.110271334 84 
1587135686.719641447 0.449965445 72 
1587135686.769642591 0.050001203 84 
1587135687.159513474 0.389870830 84 
1587135687.269717693 0.110204315 84 
1587135687.769683123 0.499965419 84 
1587135688.095477104 0.325793870 72 
1587135688.159624338 0.064147178 84 
1587135688.269646406 0.110022107 84 
1587135688.769706488 0.500060137 84 
1587135689.159412622 0.389706153 84 
1587135689.226697445 0.067284824 72 
1587135689.269648790 0.042951344 84 
1587135689.769667864 0.500018988 84 
1587135690.159394741 0.389726976 84 
1587135690.269764900 0.110370055 84 
1587135690.598174334 0.328409470 72 
1587135690.769774675 0.171600411 84 
1587135691.159465075 0.389690490 84 
1587135691.269651175 0.110185972 84 
1587135691.727717161 0.458066019 72 
1587135691.769659519 0.041942312 84 
1587135692.159472942 0.389813472 84 
1587135692.269715786 0.110242769 84 
1587135692.769723177 0.500007417 84 
1587135693.102205992 0.332482791 72 
1587135693.159440041 0.057234067 84 
1587135693.269687891 0.110247795 84 
1587135693.769636154 0.499948456 84 
1587135694.159487724 0.389851489 84 
1587135694.228759050 0.069271317 72 
1587135694.269792080 0.041033023 84 
1587135694.769708395 0.499916364 84 
1587135695.159915447 0.390207026 84 
1587135695.269730330 0.109814982 84 
1587135695.606199026 0.336468537 72 
1587135695.769663811 0.163464896 84 
1587135696.159521103 0.389857315 84 
1587135696.269667387 0.110146088 84 
1587135696.730713844 0.461046533 72 
1587135696.769654512 0.038940708 84 
1587135697.159496307 0.389841790 84 
1587135697.269838333 0.110342011 84 
1587135697.769829750 0.499991536 84 
1587135698.106141806 0.336311982 72 
1587135698.159309149 0.053167237 84 
1587135698.269754171 0.110445061 84 
1587135698.769816637 0.500062403 84 
1587135699.159518480 0.389701936 84 
1587135699.235665321 0.076146753 72 
1587135699.269726753 0.034061485 84 
1587135699.769775629 0.500048949 84 
1587135700.159509659 0.389734084 84 
1587135700.269715786 0.110206022 84 
1587135700.612341642 0.342625889 72 
1587135700.769721270 0.157379628 84 
1587135701.159545183 0.389823822 84 
1587135701.269816875 0.110271672 84 
1587135701.736644030 0.466827328 72 
1587135701.769670725 0.033026613 84 
1587135702.159419775 0.389749164 84 
1587135702.269831181 0.110411238 84 
1587135702.769667864 0.499836628 84 
1587135703.111167431 0.341499634 72 
1587135703.159345388 0.048178019 84 
1587135703.269744635 0.110399312 84 
1587135703.769632816 0.499888147 84 
1587135704.159564495 0.389931732 84 
1587135704.237662554 0.078097853 72 
1587135704.269917727 0.032255362 84 
1587135704.769928217 0.500010406 84 
1587135705.159570932 0.389642656 84 
1587135705.269737005 0.110166135 84 
1587135705.614412785 0.344675802 72 
1587135705.769667149 0.155254399 84 
1587135706.159548283 0.389881079 84 
1587135706.269780874 0.110232620 84 
1587135706.738676786 0.468895990 72 
1587135706.769742966 0.031065996 84 
1587135707.159616947 0.389873940 84 
1587135707.269834518 0.110217737 84 
1587135707.769838333 0.500003689 84 
1587135708.116178989 0.346340699 72 
1587135708.159267902 0.043088904 84 
1587135708.269745111 0.110477352 84 
1587135708.769709826 0.499964686 84 
1587135709.159751177 0.390041184 84 
1587135709.239637852 0.079886792 72 
1587135709.269720554 0.030082579 84 
1587135709.769663811 0.499943465 84 
1587135710.159603357 0.389939418 84 
1587135710.269785643 0.110182244 84 
1587135710.618192911 0.348407237 72 
1587135710.769645691 0.151452926 84 
1587135711.159799099 0.390153292 84 
1587135711.269672394 0.109873334 84 
1587135711.740662575 0.470990117 72 
1587135711.769854784 0.029192276 84 
1587135712.159658194 0.389803510 84 
1587135712.269834757 0.110176485 84 
1587135712.769811392 0.499976707 84 
1587135713.119197607 0.349386161 72 
1587135713.159384251 0.040186544 84 
1587135713.269875765 0.110491474 84 
1587135713.769785643 0.499910029 84 
1587135714.159714460 0.389928861 84 
1587135714.242659807 0.082945220 72 
1587135714.269746304 0.027086448 84 
1587135714.770183563 0.500437435 84 
1587135715.159673929 0.389490408 84 
1587135715.269649982 0.109975852 84 
1587135715.621170998 0.351521205 72 
1587135715.769649506 0.148478515 84 
1587135716.159708738 0.390059168 84 
1587135716.269811153 0.110102484 84 
1587135716.745691538 0.475880300 72 
1587135716.769756556 0.024065080 84 
1587135717.159667015 0.389910379 84 
1587135717.269674063 0.110007142 84 
1587135717.770668507 0.500994332 84 
1587135718.121214151 0.350545700 72 
1587135718.159375668 0.038161459 84 
1587135718.269807577 0.110431971 84 
1587135718.770763874 0.500956302 84 
1587135719.159687042 0.388923110 84 
1587135719.246662855 0.086975779 72 
1587135719.270735979 0.024073090 84 
1587135719.770679951 0.499944150 84 
1587135720.159712076 0.389032121 84 
1587135720.270898342 0.111186170 84 
1587135720.623203039 0.352304600 72 
1587135720.770695210 0.147492346 84 
1587135721.159771681 0.389076320 84 
1587135721.270656824 0.110885117 84 
1587135721.750827789 0.480171026 72 
1587135721.770725965 0.019898136 84 
1587135722.159722805 0.388996812 84 
1587135722.270724535 0.111001906 84 
1587135722.770719051 0.499994333 84 
1587135723.124140978 0.353422128 72 
1587135723.159321308 0.035180170 84 
1587135723.270681620 0.111360437 84 
1587135723.769971132 0.499289352 84 
1587135724.159741640 0.389770605 84 
1587135724.251678705 0.091937167 72 
1587135724.270681858 0.019003003 84 
1587135724.770729065 0.500047284 84 
1587135725.159756184 0.389027032 84 
1587135725.270813227 0.111057109 84 
1587135725.626187801 0.355374501 72 
1587135725.770725727 0.144538015 84 
1587135726.159756184 0.389030537 84 
1587135726.270675182 0.110918917 84 
1587135726.752682447 0.482007128 72 
1587135726.770703077 0.018020678 84 
1587135727.159955263 0.389252319 84 
1587135727.270777225 0.110821968 84 
1587135727.770708799 0.499931562 84 
1587135728.127198935 0.356490053 72 
1587135728.159390688 0.032191883 84 
1587135728.270659924 0.111269110 84 
1587135728.770740747 0.500080913 84 
1587135729.159809589 0.389068676 84 
1587135729.255670547 0.095861049 72 
1587135729.270718575 0.015048112 84 
1587135729.770806313 0.500087724 84 
1587135730.159865618 0.389059322 84 
1587135730.270940781 0.111075168 84 
1587135730.629239082 0.358298204 72 
1587135730.770792007 0.141552973 84 
1587135731.159970045 0.389177961 84 
1587135731.270862579 0.110892648 84 
1587135731.764680386 0.493817648 72 
1587135731.770695448 0.006015049 84 
1587135732.159834862 0.389139499 84 
1587135732.270655632 0.110820809 84 
1587135732.770680666 0.500025018 84 
1587135733.133425474 0.362744746 72 
1587135733.159625053 0.026199589 84 
1587135733.270661354 0.111036343 84 
1587135733.770663261 0.500001978 84 
1587135734.159831762 0.389168473 84 
1587135734.266674757 0.106842961 72 
1587135734.270804167 0.004129505 84 
1587135734.770673752 0.499869583 84 
1587135735.159397364 0.388723420 84 
1587135735.270673275 0.111275995 84 
1587135735.634182692 0.363509418 72 
1587135735.770734310 0.136551496 84 
1587135736.159654379 0.388920189 84 
1587135736.270736456 0.111082063 84 
1587135736.770848751 0.500112200 72 
1587135736.770850182 0.000001504 84 
1587135737.160870790 0.390020534 84 
1587135737.270779371 0.109908761 84 
1587135737.770700932 0.499921465 84 
1587135738.136171818 0.365470808 72 
1587135738.159299374 0.023127623 84 
1587135738.270740747 0.111441353 84 
1587135738.770708084 0.499967346 84 
1587135739.161091328 0.390383261 84 
1587135739.270689487 0.109598170 72 
1587135739.270693779 0.000004423 84 
1587135739.770745516 0.500051553 84 
1587135740.160987616 0.390242070 84 
1587135740.270735025 0.109747476 84 
1587135740.637190104 0.366455139 72 
1587135740.770681858 0.133491658 84 
1587135741.160768986 0.390087257 84 
1587135741.270740986 0.109971887 84 
1587135741.770711422 0.499970448 84 
1587135741.774734497 0.004023035 72 
1587135742.160907984 0.386173687 84 
1587135742.270677567 0.109769351 84 
1587135742.770745039 0.500067629 84 
1587135743.142220259 0.371475134 72 
1587135743.160352468 0.018132316 84 
1587135743.270778894 0.110426372 84 
1587135743.770723343 0.499944541 84 
1587135744.160977602 0.390254268 84 
1587135744.270666838 0.109689234 84 
1587135744.275754452 0.005087441 72 
1587135744.770713091 0.494958791 84 
1587135745.160938025 0.390224948 84 
1587135745.270653725 0.109715708 84 
1587135745.647165298 0.376511571 72 
1587135745.770829678 0.123664331 84 
1587135746.160650969 0.389821175 84 
1587135746.270682573 0.110031729 84 
1587135746.770714998 0.500032362 84 
1587135746.776777506 0.006062531 72 
1587135747.159982204 0.383204653 84 
1587135747.270810127 0.110827989 84 
1587135747.770700932 0.499890728 84 
1587135748.151160240 0.380459382 72 
1587135748.160349607 0.009189315 84 
1587135748.270704508 0.110354811 84 
1587135748.770752907 0.500048576 84 
1587135749.160984278 0.390231406 84 
1587135749.270790577 0.109806284 84 
1587135749.279697657 0.008907044 72 
1587135749.770675182 0.490977434 84 
1587135750.161012888 0.390337637 84 
1587135750.270707369 0.109694525 84 
1587135750.655159712 0.384452291 72 
1587135750.770712137 0.115552514 84 
1587135751.160779238 0.390067078 84 
1587135751.270696402 0.109917210 84 
1587135751.770699978 0.500003668 84 
1587135751.784683466 0.013983500 72 
1587135752.161043644 0.376359966 84 
1587135752.270756483 0.109713019 84 
1587135752.770738602 0.499981959 84 
1587135753.156181335 0.385442872 72 
1587135753.160303593 0.004122153 84 
1587135753.270669699 0.110366058 84 
1587135753.770722389 0.500052810 84 
1587135754.161083698 0.390361301 84 
1587135754.270682573 0.109598900 84 
1587135754.286660671 0.015978122 72 
1587135754.770860195 0.484199379 84 
1587135755.161086082 0.390225940 84 
1587135755.270729065 0.109643108 84 
1587135755.660165310 0.389436069 72 
1587135755.770666599 0.110501349 84 
1587135756.160751820 0.390085342 84 
1587135756.270693779 0.109941742 84 
1587135756.770702362 0.500008627 84 
1587135756.791775942 0.021073569 72 
1587135757.161040545 0.369264747 84 
1587135757.270716429 0.109675732 84 
1587135757.770811319 0.500095031 84 
1587135758.161074877 0.390263551 84 
1587135758.165148973 0.004073972 72 
1587135758.270710707 0.105561796 84 
1587135758.770849705 0.500139008 84 
1587135759.161094904 0.390245164 84 
1587135759.270689249 0.109594361 84 
1587135759.295655489 0.024966284 72 
1587135759.770694256 0.475038762 84 
1587135760.161085844 0.390391521 84 
1587135760.270837069 0.109751340 84 
1587135760.665165663 0.394328464 72 
1587135760.770765781 0.105600269 84 
1587135761.160788774 0.390022900 84 
1587135761.270710468 0.109921777 84 
1587135761.770718098 0.500007645 84 
1587135761.797787189 0.027069034 72 
1587135762.161091805 0.363304567 84 
1587135762.270809412 0.109717588 84 
1587135762.770769358 0.499960055 84 
1587135763.161138535 0.390369067 84 
1587135763.166173697 0.005035311 72 
1587135763.270647287 0.104473398 84 
1587135763.770728588 0.500081342 84 
1587135764.161147118 0.390418667 84 
1587135764.270770073 0.109622903 84 
1587135764.300701857 0.029931711 72 
1587135764.770735741 0.470033842 84 
1587135765.161140203 0.390404472 84 
1587135765.270836830 0.109696618 84 
1587135765.667196751 0.396359970 72 
1587135765.770712852 0.103516198 84 
1587135766.160810232 0.390097274 84 
1587135766.270667791 0.109857646 84 
1587135766.770714045 0.500046235 84 
1587135766.802682400 0.031968293 72 
1587135767.160166502 0.357484121 84 
1587135767.270819187 0.110652753 84 
1587135767.770661831 0.499842600 84 
1587135768.161261559 0.390599819 84 
1587135768.168189764 0.006928062 72 
1587135768.270759821 0.102569979 84 
1587135768.770791292 0.500031587 84 
1587135769.161179781 0.390388423 84 
1587135769.270802498 0.109622777 84 
1587135769.303654909 0.032852471 72 
1587135769.770672321 0.467017280 84 
1587135770.161214590 0.390542281 84 
1587135770.270670176 0.109455750 84 
1587135770.670185804 0.399515462 72 
1587135770.770686150 0.100500382 84 
1587135771.160848379 0.390162241 84 
1587135771.271204233 0.110355823 84 
1587135771.770684958 0.499480795 84 
1587135771.808695555 0.038010499 72 
1587135772.161225319 0.352529832 84 
1587135772.270994663 0.109769410 84 
1587135772.770771265 0.499776555 84 
1587135773.161220551 0.390449168 84 
1587135773.171252728 0.010032254 72 
1587135773.270651340 0.099398742 84 
1587135773.770797253 0.500145746 84 
1587135774.161281586 0.390484442 84 
1587135774.270720482 0.109438731 84 
1587135774.309718609 0.038998234 72 
1587135774.770839214 0.461120555 84 
1587135775.161238194 0.390398974 84 
1587135775.271205187 0.109966957 84 
1587135775.674217939 0.403012771 72 
1587135775.771180391 0.096962454 84 
1587135776.160528421 0.389348187 84 
1587135776.271144390 0.110615879 84 
1587135776.770781994 0.499637521 84 
1587135776.811395884 0.040614024 72 
1587135777.161274433 0.349878598 84 
1587135777.271211863 0.109937268 84 
1587135777.770974874 0.499763029 84 
1587135778.161240339 0.390265493 84 
1587135778.175156116 0.013915737 72 
1587135778.271209478 0.096053517 84 
1587135778.771208525 0.499999065 84 
1587135779.161310434 0.390101922 84 
1587135779.271052122 0.109741641 84 
1587135779.311717510 0.040665259 72 
1587135779.771270037 0.459552479 84 
1587135780.160284758 0.389014730 84 
1587135780.271039724 0.110755174 84 
1587135780.679191351 0.408151535 72 
1587135780.771055937 0.091864455 84 
1587135781.160412550 0.389356706 84 
1587135781.271013498 0.110600853 84 
1587135781.771232605 0.500219291 84 
1587135781.813676357 0.042443802 72 
1587135782.160313129 0.346636612 84 
1587135782.270973921 0.110660785 84 
1587135782.771049738 0.500075871 84 
1587135783.160463572 0.389413745 84 
1587135783.183189869 0.022726278 72 
1587135783.270903349 0.087713502 84 
1587135783.770813465 0.499910267 84 
1587135784.160376310 0.389562828 84 
1587135784.270808935 0.110432660 84 
1587135784.315748930 0.044939866 72 
1587135784.771013737 0.455264846 84 
1587135785.160297871 0.389284194 84 
1587135785.270764589 0.110466625 84 
1587135785.698186159 0.427421534 72 
1587135785.770824194 0.072638033 84 
1587135786.160337925 0.389513723 84 
1587135786.270682812 0.110344956 84 
1587135786.770783901 0.500101056 84 
1587135786.816640377 0.045856497 72 
1587135787.160415411 0.343775178 84 
1587135787.270781517 0.110366102 84 
1587135787.770809174 0.500027539 84 
1587135788.160349131 0.389539994 84 
1587135788.199213505 0.038864295 72 
1587135788.270795107 0.071581610 84 
1587135788.770807505 0.500012378 84 
1587135789.160383224 0.389575762 84 
1587135789.270755768 0.110372611 84 
1587135789.319806576 0.049050763 72 
1587135789.770588160 0.450781510 84 
1587135790.160382271 0.389794184 84 
1587135790.270755053 0.110372711 84 
1587135790.703186750 0.432431870 72 
1587135790.770757437 0.067570686 84 
1587135791.160395384 0.389637907 84 
1587135791.270813704 0.110418290 84 
1587135791.770763159 0.499949389 84 
1587135791.821681499 0.050918318 72 
1587135792.160404444 0.338722890 84 
1587135792.270742416 0.110338098 84 
1587135792.770708561 0.499966088 84 
1587135793.161443233 0.390734611 84 
1587135793.206172466 0.044729306 72 
1587135793.270752668 0.064580213 84 
1587135793.770719051 0.499966369 84 
1587135794.160423994 0.389704871 84 
1587135794.270663023 0.110239131 84 
1587135794.324805737 0.054142658 72 
1587135794.770654440 0.445848851 84 
1587135795.160482883 0.389828353 84 
1587135795.270743370 0.110260495 84 
1587135795.719198465 0.448455167 72 
1587135795.770670891 0.051472272 84 
1587135796.160435915 0.389765107 84 
1587135796.271220207 0.110784287 84 
1587135796.771057844 0.499837543 84 
1587135796.827704430 0.056646581 72 
1587135797.160460472 0.332756080 84 
1587135797.270780325 0.110319963 84 
1587135797.770541668 0.499761194 84 
1587135798.160495520 0.389953908 84 
1587135798.224199533 0.063704166 72 
1587135798.270766497 0.046566912 84 
1587135798.770764828 0.499998242 84 
1587135799.160634518 0.389869804 84 
1587135799.270818949 0.110184396 84 
1587135799.332721233 0.061902187 72 
1587135799.770769119 0.438047922 84 
1587135800.160521746 0.389752559 84 
1587135800.270729303 0.110207584 84 
1587135800.725211620 0.454482463 72 
1587135800.770744562 0.045532839 84 
1587135801.160503626 0.389758961 84 
1587135801.270717382 0.110213876 84 
1587135801.770949841 0.500232401 84 
1587135801.832745075 0.061795328 72 
1587135802.160469532 0.327724442 84 
1587135802.270807743 0.110338071 84 
1587135802.770964146 0.500156594 84 
1587135803.160481215 0.389516898 84 
1587135803.227216721 0.066735568 72 
1587135803.270766497 0.043549686 84 
1587135803.770890713 0.500124325 84 
1587135804.160511017 0.389620420 84 
1587135804.270693064 0.110182035 84 
1587135804.333668470 0.062975346 72 
1587135804.770967722 0.437299231 84 
1587135805.160517454 0.389549686 84 
1587135805.270868778 0.110351393 84 
1587135805.731206656 0.460337800 72 
1587135805.770669937 0.039463327 84 
1587135806.160573483 0.389903602 84 
1587135806.270770311 0.110196728 84 
1587135806.770874023 0.500103854 84 
1587135806.837743044 0.066868965 72 
1587135807.160534382 0.322791355 84 
1587135807.270740986 0.110206637 84 
1587135807.770844460 0.500103491 84 
1587135808.160524130 0.389679505 84 
1587135808.233226299 0.072702109 72 
1587135808.270801306 0.037575197 84 
1587135808.771038294 0.500236932 84 
1587135809.160561085 0.389522668 84 
1587135809.270769119 0.110208244 84 
1587135809.338684797 0.067915644 72 
1587135809.770687580 0.432002653 84 
1587135810.160572052 0.389884560 84 
1587135810.270811319 0.110239215 84 
1587135810.734195232 0.463383914 72 
1587135810.770787954 0.036592688 84 
1587135811.160560131 0.389772114 84 
1587135811.270810604 0.110250490 84 
1587135811.770704985 0.499894373 84 
1587135811.844688654 0.073983698 72 
1587135812.160943985 0.316255342 84 
1587135812.270701408 0.109757562 84 
1587135812.770681143 0.499979621 84 
1587135813.160632372 0.389951162 84 
1587135813.235205650 0.074573328 72 
1587135813.270825386 0.035619766 84 
1587135813.770682335 0.499856998 84 
1587135814.160601854 0.389919426 84 
1587135814.270775318 0.110173506 84 
1587135814.345709324 0.074934013 72 
1587135814.770776510 0.425067194 84 
1587135815.160605669 0.389829196 84 
1587135815.270733118 0.110127482 84 
1587135815.737209082 0.466476014 72 
1587135815.770794868 0.033585623 84 
1587135816.160636425 0.389841499 84 
1587135816.270771980 0.110135735 84 
1587135816.771473885 0.500701740 84 
1587135816.847691059 0.076217266 72 
1587135817.160678625 0.312987612 84 
1587135817.270770788 0.110092219 84 
1587135817.770756721 0.499985881 84 
1587135818.160655499 0.389898660 84 
1587135818.241199255 0.080543844 72 
1587135818.270793676 0.029594385 84 
1587135818.770748138 0.499954383 84 
1587135819.160660505 0.389912516 84 
1587135819.270849466 0.110188927 84 
1587135819.350659370 0.079809822 72 
1587135819.770778179 0.420118960 84 
1587135820.160710812 0.389932434 84 
1587135820.270726919 0.110016295 84 
1587135820.748207092 0.477480038 72 
1587135820.770999193 0.022792093 84 
1587135821.160654068 0.389654925 84 
1587135821.270773172 0.110119062 84 
1587135821.770801783 0.500028563 84 
1587135821.851722240 0.080920652 72 
1587135822.160695314 0.308972960 84 
1587135822.270736933 0.110041686 84 
1587135822.770755768 0.500018871 84 
1587135823.160712004 0.389956095 84 
1587135823.249204159 0.088492335 72 
1587135823.270754337 0.021550177 84 
1587135823.770888329 0.500133985 84 
1587135824.160718203 0.389829675 84 
1587135824.270762444 0.110044326 84 
1587135824.354668140 0.083905777 72 
1587135824.770809174 0.416140900 84 
1587135825.160710812 0.389901773 84 
1587135825.270792246 0.110081309 84 
1587135825.750230551 0.479438333 72 
1587135825.770715952 0.020485329 84 
1587135826.160705566 0.389989714 84 
1587135826.270866156 0.110160495 84 
1587135826.771754980 0.500888962 84 
1587135826.856695414 0.084940360 72 
1587135827.160519123 0.303823739 84 
1587135827.270882845 0.110363833 84 
1587135827.771339417 0.500456346 84 
1587135828.160848141 0.389508722 84 
1587135828.250207901 0.089359849 72 
1587135828.270761251 0.020553329 84 
1587135828.771781206 0.501020010 84 
1587135829.161185026 0.389403749 84 
1587135829.271724224 0.110539153 84 
1587135829.357763767 0.086039681 72 
1587135829.771740913 0.413977153 84 
1587135830.160851717 0.389110776 84 
1587135830.271753788 0.110902082 84 
1587135830.751255512 0.479501817 72 
1587135830.771744728 0.020489156 84 
1587135831.160792112 0.389047417 84 
1587135831.271401167 0.110608873 84 
1587135831.771717548 0.500316492 84 
1587135831.858741760 0.087024288 72 
1587135832.160770178 0.302028228 84 
1587135832.271716833 0.110946790 84 
1587135832.771751881 0.500035127 84 
1587135833.160773754 0.389021649 84 
1587135833.253158808 0.092385181 72 
1587135833.271774769 0.018615929 84 
1587135833.770870447 0.499095607 84 
1587135834.160794735 0.389924426 84 
1587135834.271740675 0.110945968 84 
1587135834.361699343 0.089958606 72 
1587135834.771765232 0.410065889 84 
1587135835.160785913 0.389020553 84 
1587135835.271759748 0.110974052 84 
1587135835.759459734 0.487699981 72 
1587135835.771819592 0.012359801 84 
1587135836.160824776 0.389005125 84 
1587135836.271166325 0.110341604 84 
1587135836.771774292 0.500607970 84 
1587135836.862713814 0.090939369 72 
1587135837.160801411 0.298087725 84 
1587135837.271230221 0.110428744 84 
1587135837.771742105 0.500512004 84 
1587135838.160813332 0.389071075 84 
1587135838.262190342 0.101376987 72 
1587135838.272086143 0.009896010 84 
1587135838.771370649 0.499284319 84 
1587135839.160856485 0.389485881 84 
1587135839.271761656 0.110905212 84 
1587135839.363672256 0.091910659 72 
1587135839.771779060 0.408106744 84 
1587135840.160853624 0.389074557 84 
1587135840.270998001 0.110144475 84 
1587135840.764202118 0.493203963 72 
1587135840.771720886 0.007518759 84 
1587135841.160684109 0.388963294 84 
1587135841.271789312 0.111105100 84 
1587135841.771770477 0.499981273 84 
1587135841.864721537 0.092951118 72 
1587135842.160861492 0.296139953 84 
1587135842.271737337 0.110875808 84 
1587135842.771852016 0.500114603 84 
1587135843.160912514 0.389060532 84 
1587135843.265170097 0.104257625 72 
1587135843.271417379 0.006247293 84 
1587135843.771769047 0.500351713 84 
1587135844.160865545 0.389096361 84 
1587135844.271785021 0.110919543 84 
1587135844.368660688 0.096875739 72 
1587135844.771098614 0.402437858 84 
1587135845.160881758 0.389783180 84 
1587135845.271777153 0.110895301 84 
1587135845.767231226 0.495454076 72 
1587135845.771261215 0.004029906 84 
1587135846.160716772 0.389455776 84 
1587135846.271861792 0.111144919 84 
1587135846.771903753 0.500042053 84 
1587135846.869663000 0.097759162 72 
1587135847.160886049 0.291223090 84 
1587135847.271532536 0.110646513 84 
1587135847.770949364 0.499416694 84 
1587135848.160938025 0.389988608 84 
1587135848.269213200 0.108275324 72 
1587135848.271187544 0.001974249 84 
1587135848.771829367 0.500641997 84 
1587135849.160900354 0.389070863 84 
1587135849.271774292 0.110873971 84 
1587135849.373670340 0.101895973 72 
1587135849.771582603 0.397912318 84 
1587135850.161922216 0.390339717 84 
1587135850.271118164 0.109195775 84 
1587135850.771221876 0.500103757 72 
1587135850.771750689 0.000528803 84 
1587135851.161688089 0.389937328 84 
1587135851.271732092 0.110044081 84 
1587135851.771240473 0.499508375 84 
1587135851.875707626 0.104467148 72 
1587135852.161935091 0.286227480 84 
1587135852.271745682 0.109810655 84 
1587135852.771731377 0.499985747 84 
1587135853.161936045 0.390204554 84 
1587135853.272068977 0.110133050 84 
1587135853.273297548 0.001228542 72 
1587135853.772010326 0.498712678 84 
1587135854.161949158 0.389938908 84 
1587135854.271199465 0.109250245 84 
1587135854.379832983 0.108633544 72 
1587135854.771796227 0.391963178 84 
1587135855.160972357 0.389176088 84 
1587135855.271935701 0.110963322 84 
1587135855.771597147 0.499661572 84 
1587135855.775200605 0.003603336 72 
1587135856.161682367 0.386481817 84 
1587135856.271739244 0.110056867 84 
1587135856.771357298 0.499618024 84 
1587135856.882699013 0.111341792 72 
1587135857.161968708 0.279269664 84 
1587135857.271689653 0.109720967 84 
1587135857.771809816 0.500120292 84 
1587135858.161984444 0.390174509 84 
1587135858.271902323 0.109918004 84 
1587135858.277231455 0.005328952 72 
1587135858.771689415 0.494458155 84 
1587135859.161967278 0.390277712 84 
1587135859.271725893 0.109758531 84 
1587135859.383682489 0.111956801 72 
1587135859.771733999 0.388051303 84 
1587135860.162018299 0.390284352 84 
1587135860.271503925 0.109485660 84 
1587135860.771362782 0.499858892 84 
1587135860.779216051 0.007853359 72 
1587135861.161335945 0.382119793 84 
1587135861.271823883 0.110488036 84 
1587135861.772085667 0.500261626 84 
1587135861.887013674 0.114928188 72 
1587135862.162031651 0.275017849 84 
1587135862.271535397 0.109503751 84 
1587135862.772036314 0.500501040 84 
1587135863.162031412 0.389995085 84 
1587135863.271187782 0.109156355 84 
1587135863.283266783 0.012078951 72 
1587135863.771823883 0.488556999 84 
1587135864.162064314 0.390240569 84 
1587135864.271848679 0.109784275 84 
1587135864.388715267 0.116866624 72 
1587135864.771946907 0.383231540 84 
1587135865.162166834 0.390219966 84 
1587135865.271416187 0.109249486 84 
1587135865.771873236 0.500456969 84 
1587135865.787291050 0.015417699 72 
1587135866.161703825 0.374412906 84 
1587135866.271325827 0.109621896 84 
1587135866.771251678 0.499925989 84 
1587135866.889678240 0.118426613 72 
1587135867.162111998 0.272433729 84 
1587135867.271405935 0.109293955 84 
1587135867.771502972 0.500096973 84 
1587135868.162250042 0.390746942 84 
1587135868.271239042 0.108989113 84 
1587135868.290243864 0.019004757 72 
1587135868.771810055 0.481566280 84 
1587135869.162092447 0.390282414 84 
1587135869.271994352 0.109901796 84 
1587135869.396706820 0.124712530 72 
1587135869.772071838 0.375364953 84 
1587135870.162100077 0.390028317 84 
1587135870.271795988 0.109695794 84 
1587135870.771605492 0.499809688 84 
1587135870.795206547 0.023600941 72 
1587135871.161668777 0.366462310 84 
1587135871.271999121 0.110330378 84 
1587135871.771490812 0.499491513 84 
1587135871.898658991 0.127168305 72 
1587135872.162192345 0.263533329 84 
1587135872.271852732 0.109660377 84 
1587135872.771381140 0.499528286 84 
1587135873.162151814 0.390770750 84 
1587135873.272158384 0.110006496 84 
1587135873.296252966 0.024094580 72 
1587135873.771856308 0.475603532 84 
1587135874.162130117 0.390273805 84 
1587135874.271476984 0.109346775 84 
1587135874.398688316 0.127211253 72 
1587135874.771859884 0.373171613 84 
1587135875.162193775 0.390333827 84 
1587135875.271759510 0.109565792 84 
1587135875.772213697 0.500454320 84 
1587135875.797269821 0.025056131 72 
1587135876.161728621 0.364458766 84 
1587135876.271990538 0.110261900 84 
1587135876.772071362 0.500080718 84 
1587135876.900666714 0.128595374 72 
1587135877.162165165 0.261498490 84 
1587135877.271784067 0.109619010 84 
1587135877.772010088 0.500225838 84 
1587135878.162182331 0.390172408 84 
1587135878.271369457 0.109187140 84 
1587135878.297253132 0.025883691 72 
1587135878.771210909 0.473957587 84 
1587135879.162245035 0.391034116 84 
1587135879.271857977 0.109612993 84 
1587135879.401703596 0.129845692 72 
1587135879.771801233 0.370097505 84 
1587135880.162188292 0.390387157 84 
1587135880.272016764 0.109828454 84 
1587135880.771425486 0.499408689 84 
1587135880.799193621 0.027768240 72 
1587135881.161702871 0.362509148 84 
1587135881.271742821 0.110039928 84 
1587135881.771786928 0.500044208 84 
1587135881.910928249 0.139141330 72 
1587135882.162224531 0.251296299 84 
1587135882.271794081 0.109569411 84 
1587135882.771769047 0.499975022 84 
1587135883.162320137 0.390551093 84 
1587135883.272011518 0.109691499 84 
1587135883.299244404 0.027232725 72 
1587135883.771821976 0.472577671 84 
1587135884.162255526 0.390433478 84 
1587135884.271883249 0.109627881 84 
1587135884.411678314 0.139795050 72 
1587135884.772358656 0.360680327 84 
1587135885.162251234 0.389892399 84 
1587135885.271779060 0.109528021 84 
1587135885.771814585 0.500035349 84 
1587135885.800228119 0.028413604 72 
1587135886.161703348 0.361475295 84 
1587135886.272334814 0.110631300 84 
1587135886.771800995 0.499466267 84 
1587135886.912674427 0.140873475 72 
1587135887.162340641 0.249666294 84 
1587135887.271828413 0.109487690 84 
1587135887.771824598 0.499996114 84 
1587135888.162279129 0.390454658 84 
1587135888.271790028 0.109510779 84 
1587135888.303227425 0.031437479 72 
1587135888.771784782 0.468557373 84 
1587135889.161717415 0.389932682 84 
1587135889.271963835 0.110246361 84 
1587135889.413856983 0.141893182 72 
1587135889.771692753 0.357835758 84 
1587135890.162358522 0.390665776 84 
1587135890.271644592 0.109285902 84 
1587135890.771893501 0.500249107 84 
1587135890.807222843 0.035329277 72 
1587135891.161482334 0.354259498 84 
1587135891.272058964 0.110576579 84 
1587135891.771926403 0.499867531 84 
1587135891.914714336 0.142787872 72 
1587135892.161502123 0.246787760 84 
1587135892.271889448 0.110387363 84 
1587135892.771801233 0.499911663 84 
1587135893.162305832 0.390504697 84 
1587135893.271845102 0.109539186 84 
1587135893.310259342 0.038414294 72 
1587135893.771890640 0.461631422 84 
1587135894.162211180 0.390320343 84 
1587135894.271744490 0.109533488 84 
1587135894.417716980 0.145972404 72 
1587135894.772523165 0.354806177 84 
1587135895.161338091 0.388814859 84 
1587135895.271811247 0.110473271 84 
1587135895.771597147 0.499785824 84 
1587135895.811188221 0.039591044 72 
1587135896.161347866 0.350159599 84 
1587135896.271836996 0.110489281 84 
1587135896.772050381 0.500213273 84 
1587135896.924726963 0.152676611 72 
1587135897.161392689 0.236665791 84 
1587135897.271912336 0.110519712 84 
1587135897.771878481 0.499966065 84 
1587135898.162409544 0.390531104 84 
1587135898.272135496 0.109725798 84 
1587135898.319241285 0.047105901 72 
1587135898.771782160 0.452540852 84 
1587135899.161942959 0.390160892 84 
1587135899.271971226 0.110028198 84 
1587135899.425752640 0.153781386 72 
1587135899.771832228 0.346079579 84 
1587135900.161443472 0.389611202 84 
1587135900.271778107 0.110334610 84 
1587135900.771792889 0.500014961 84 
1587135900.825271368 0.053478437 72 
1587135901.161392689 0.336121305 84 
1587135901.271951675 0.110558863 84 
1587135901.772063494 0.500112006 84 
1587135901.925700188 0.153636616 72 
1587135902.161436796 0.235736576 84 
1587135902.271907091 0.110470343 84 
1587135902.771755219 0.499848015 84 
1587135903.161419153 0.389664013 84 
1587135903.271788836 0.110369724 84 
1587135903.326210022 0.054421243 72 
1587135903.771694899 0.445484790 84 
1587135904.161456347 0.389761484 84 
1587135904.271919727 0.110463225 84 
1587135904.431738138 0.159818515 72 
1587135904.771756411 0.340018237 84 
1587135905.161458254 0.389701917 84 
1587135905.272131443 0.110673066 84 
1587135905.771780252 0.499649001 84 
1587135905.827206612 0.055426372 72 
1587135906.161506176 0.334299507 84 
1587135906.272490501 0.110984291 84 
1587135906.771773100 0.499282521 84 
1587135906.932687998 0.160914892 72 
1587135907.161432505 0.228744677 84 
1587135907.271672964 0.110240461 84 
1587135907.771870136 0.500197062 84 
1587135908.161769152 0.389898929 84 
1587135908.271860361 0.110091266 84 
1587135908.333230495 0.061370058 72 
1587135908.771766901 0.438536533 84 
1587135909.161465645 0.389698615 84 
1587135909.271920443 0.110454868 84 
1587135909.434674025 0.162753681 72 
1587135909.772128820 0.337454704 84 
1587135910.161612988 0.389484233 84 
1587135910.271740675 0.110127677 84 
1587135910.771863461 0.500122724 84 
1587135910.834307671 0.062444255 72 
1587135911.161590815 0.327283211 84 
1587135911.271715164 0.110124394 84 
1587135911.772110701 0.500395424 84 
1587135911.935752630 0.163641841 72 
1587135912.161470175 0.225717714 84 
1587135912.272016048 0.110545676 84 
1587135912.772513628 0.500497764 84 
1587135913.161478996 0.388965392 84 
1587135913.271809816 0.110330640 84 
1587135913.335238934 0.063429249 72 
1587135913.771925926 0.436686991 84 
1587135914.161514521 0.389588601 84 
1587135914.271805048 0.110290429 84 
1587135914.437798500 0.165993449 72 
1587135914.771995068 0.334196508 84 
1587135915.161533356 0.389538402 84 
1587135915.271727562 0.110194220 84 
1587135915.771653891 0.499926330 84 
1587135915.837223768 0.065569973 72 
1587135916.161516905 0.324293041 84 
1587135916.271852255 0.110335262 84 
1587135916.772436857 0.500584616 84 
1587135916.940686703 0.168249843 72 
1587135917.161545515 0.220858764 84 
1587135917.271834850 0.110289431 84 
1587135917.771952629 0.500117770 84 
1587135918.161537409 0.389584822 84 
1587135918.271820068 0.110282720 84 
1587135918.339289188 0.067469131 72 
1587135918.771871328 0.432581996 84 
1587135919.161808729 0.389937510 84 
1587135919.271733761 0.109925075 84 
1587135919.443684578 0.171950768 72 
1587135919.771826506 0.328141854 84 
1587135920.161693811 0.389867245 84 
1587135920.271752357 0.110058717 84 
1587135920.771877289 0.500124889 84 
1587135920.846222878 0.074345615 72 
1587135921.161663055 0.315440098 84 
1587135921.271788359 0.110125283 84 
1587135921.771767855 0.499979493 84 
1587135921.944788218 0.173020382 72 
1587135922.161453962 0.216665665 84 
1587135922.272495508 0.111041695 84 
1587135922.771826506 0.499331051 84 
1587135923.161617279 0.389790675 84 
1587135923.271835327 0.110217970 84 
1587135923.348234415 0.076399243 72 
1587135923.771625280 0.423390886 84 
1587135924.161591291 0.389965808 84 
1587135924.271834612 0.110243502 84 
1587135924.445717573 0.173882755 72 
1587135924.771794081 0.326076534 84 
1587135925.161621571 0.389827647 84 
1587135925.271665812 0.110044058 84 
1587135925.771918535 0.500252881 84 
1587135925.853240967 0.081322278 72 
1587135926.161714315 0.308473446 84 
1587135926.271666288 0.109951976 84 
1587135926.771729231 0.500062906 84 
1587135926.946799517 0.175070449 72 
1587135927.161673546 0.214873877 84 
1587135927.271807909 0.110134443 84 
1587135927.772596121 0.500788150 84 
1587135928.161717176 0.389121106 84 
1587135928.271785736 0.110068460 84 
1587135928.355218649 0.083432873 72 
1587135928.771855116 0.416636563 84 
1587135929.161744356 0.389889222 84 
1587135929.271757603 0.110013251 84 
1587135929.449711084 0.177953528 72 
1587135929.771658182 0.321947086 84 
1587135930.161688328 0.390030189 84 
1587135930.271653652 0.109965345 84 
1587135930.771722555 0.500068793 84 
1587135930.860193729 0.088471232 72 
1587135931.161428928 0.301235210 84 
1587135931.271813869 0.110385026 84 
1587135931.772006512 0.500192566 84 
1587135931.953736305 0.181729796 72 
1587135932.161976099 0.208239826 84 
1587135932.271775007 0.109798773 84 
1587135932.771802187 0.500027309 84 
1587135933.161709547 0.389907214 84 
1587135933.271695375 0.109985995 84 
1587135933.362226725 0.090531175 72 
1587135933.771878481 0.409651829 84 
1587135934.161710262 0.389831769 84 
1587135934.271959305 0.110249184 84 
1587135934.456720114 0.184760658 72 
1587135934.771748066 0.315027926 84 
1587135935.161703110 0.389955133 84 
1587135935.271763086 0.110060041 84 
1587135935.772454262 0.500691147 84 
1587135935.865232468 0.092778180 72 
1587135936.161541700 0.296309201 84 
1587135936.271790743 0.110249045 84 
1587135936.771968842 0.500178135 84 
1587135936.954705715 0.182736869 72 
1587135937.161705971 0.207000239 84 
1587135937.271844864 0.110138827 84 
1587135937.771751165 0.499906290 84 
1587135938.161742687 0.389991594 84 
1587135938.271811247 0.110068435 84 
1587135938.365170956 0.093359694 72 
1587135938.771783829 0.406613038 84 
1587135939.161758900 0.389975064 84 
1587135939.271731377 0.109972454 84 
1587135939.455683708 0.183952297 72 
1587135939.771849632 0.316166027 84 
1587135940.161719084 0.389869395 84 
1587135940.271800041 0.110081031 84 
1587135940.771867514 0.500067443 84 
1587135940.867214203 0.095346529 72 
1587135941.161613226 0.294399089 84 
1587135941.272278309 0.110665060 84 
1587135941.772452354 0.500174026 84 
1587135941.957711935 0.185259616 72 
1587135942.161743641 0.204031660 84 
1587135942.271980762 0.110237144 84 
1587135942.772039890 0.500059133 84 
1587135943.161800385 0.389760507 84 
1587135943.271762848 0.109962401 84 
1587135943.370277882 0.098515119 72 
1587135943.771890402 0.401612527 84 
1587135944.161760807 0.389870326 84 
1587135944.272370815 0.110610130 84 
1587135944.458758116 0.186387207 72 
1587135944.772841215 0.314083191 84 
1587135945.161775589 0.388934400 84 
1587135945.272458553 0.110682881 84 
1587135945.771837234 0.499378741 84 
1587135945.873303652 0.101466361 72 
1587135946.161760092 0.288456424 84 
1587135946.272403955 0.110643928 84 
1587135946.772627115 0.500223031 84 
1587135946.959739208 0.187112078 72 
1587135947.161780596 0.202041513 84 
1587135947.272119761 0.110339103 84 
1587135947.771845818 0.499726143 84 
1587135948.161795616 0.389949654 84 
1587135948.272162437 0.110366870 84 
1587135948.374228477 0.102066148 72 
1587135948.772355795 0.398127296 84 
1587135949.161791086 0.389435300 84 
1587135949.272097349 0.110306309 84 
1587135949.460876465 0.188779136 72 
1587135949.772729397 0.311852849 84 
1587135950.161849022 0.389119528 84 
1587135950.272458315 0.110609285 84 
1587135950.772059679 0.499601489 84 
1587135950.876202822 0.104143101 72 
1587135951.161605597 0.285402746 84 
1587135951.272886753 0.111281164 84 
1587135951.772076130 0.499189376 84 
1587135951.961804152 0.189727944 72 
1587135952.161833525 0.200029546 84 
1587135952.272933722 0.111100174 84 
1587135952.773120642 0.500186990 84 
1587135953.161715031 0.388594300 84 
1587135953.272260427 0.110545467 84 
1587135953.378219604 0.105958979 72 
1587135953.771965981 0.393746449 84 
1587135954.161857128 0.389891193 84 
1587135954.271898985 0.110041761 84 
1587135954.465708017 0.193809153 72 
1587135954.772774220 0.307066096 84 
1587135955.162072897 0.389298830 84 
1587135955.272800922 0.110727842 84 
1587135955.772411346 0.499610534 84 
1587135955.883285999 0.110874621 72 
1587135956.161743164 0.278457173 84 
1587135956.272972345 0.111229197 84 
1587135956.772681475 0.499709156 84 
1587135956.966726065 0.194044445 72 
1587135957.161905050 0.195179100 84 
1587135957.272908449 0.111003298 84 
1587135957.772859097 0.499950811 84 
1587135958.163168430 0.390309254 84 
1587135958.272588015 0.109419531 84 
1587135958.391237497 0.118649539 72 
1587135958.772691965 0.381454414 84 
1587135959.161889076 0.389197082 84 
1587135959.272753477 0.110864388 84 
1587135959.473818779 0.201065294 72 
1587135959.772618055 0.298799304 84 
1587135960.162971258 0.390353210 84 
1587135960.272878170 0.109907068 84 
1587135960.772710323 0.499832029 84 
1587135960.896212578 0.123502390 72 
1587135961.161618948 0.265406295 84 
1587135961.272563219 0.110944302 84 
1587135961.772818327 0.500255065 84 
1587135961.978692293 0.205874033 72 
1587135962.162667513 0.183975066 84 
1587135962.273222685 0.110555204 84 
1587135962.772812843 0.499590293 84 
1587135963.162983179 0.390170262 84 
1587135963.272314072 0.109330982 84 
1587135963.397192478 0.124878340 72 
1587135963.772756100 0.375563677 84 
1587135964.162956476 0.390200179 84 
1587135964.272600651 0.109644264 84 
1587135964.480714560 0.208113826 72 
1587135964.772502661 0.291788239 84 
1587135965.162932396 0.390429738 84 
1587135965.272649288 0.109716955 84 
1587135965.772428989 0.499779544 84 
1587135965.905997038 0.133568057 72 
1587135966.162368536 0.256371585 84 
1587135966.272808075 0.110439593 84 
1587135966.772854090 0.500045943 84 
1587135966.983707905 0.210853905 72 
1587135967.162993908 0.179285807 84 
1587135967.272862434 0.109868664 84 
1587135967.772799015 0.499936518 84 
1587135968.162998915 0.390199818 84 
1587135968.272817612 0.109818899 84 
1587135968.406357050 0.133539404 72 
1587135968.772094965 0.365737761 84 
1587135969.162028790 0.389933978 84 
1587135969.272215366 0.110186519 84 
1587135969.490756035 0.218540639 72 
1587135969.772765398 0.282009400 84 
1587135970.163017988 0.390252492 84 
1587135970.272536993 0.109519008 84 
1587135970.772838354 0.500301402 84 
1587135970.909217358 0.136379004 72 
1587135971.162572384 0.253355130 84 
1587135971.272761583 0.110189187 84 
1587135971.772868395 0.500106655 84 
1587135971.992724419 0.219856030 72 
1587135972.163062096 0.170337649 84 
1587135972.272922993 0.109860953 84 
1587135972.772169590 0.499246645 84 
1587135973.162991047 0.390821412 84 
1587135973.272982121 0.109991186 84 
1587135973.411205530 0.138223452 72 
1587135973.772728205 0.361522694 84 
1587135974.163021088 0.390292656 84 
1587135974.272746801 0.109725725 84 
1587135974.493764639 0.221018034 72 
1587135974.772131443 0.278366723 84 
1587135975.163054943 0.390923514 84 
1587135975.272520781 0.109465910 84 
1587135975.772341490 0.499820715 84 
1587135975.913199902 0.140858218 72 
1587135976.162552595 0.249352877 84 
1587135976.272525072 0.109972337 84 
1587135976.772800922 0.500275916 84 
1587135976.994842768 0.222041717 72 
1587135977.163094282 0.168251516 84 
1587135977.272618771 0.109524572 84 
1587135977.772761583 0.500142794 84 
1587135978.163116455 0.390354859 84 
1587135978.272732258 0.109615974 84 
1587135978.414226770 0.141494450 72 
1587135978.773148060 0.358921115 84 
1587135979.163076878 0.389928960 84 
1587135979.273141146 0.110064325 84 
1587135979.496719360 0.223578021 72 
1587135979.772871256 0.276151953 84 
1587135980.163177252 0.390305954 84 
1587135980.272814512 0.109637313 84 
1587135980.772796869 0.499982397 84 
1587135980.914275646 0.141478839 72 
1587135981.162619591 0.248343881 84 
1587135981.272805929 0.110186345 84 
1587135981.772198915 0.499392911 84 
1587135981.996792316 0.224593569 72 
1587135982.163116217 0.166323757 84 
1587135982.272782803 0.109666566 84 
1587135982.772874117 0.500091395 84 
1587135983.163147449 0.390273307 84 
1587135983.272169352 0.109021890 84 
1587135983.418276310 0.146107092 72 
1587135983.772810221 0.354533892 84 
1587135984.163168907 0.390358533 84 
1587135984.272737980 0.109569096 84 
1587135984.497879982 0.225142125 72 
1587135984.772827148 0.274947199 84 
1587135985.163211107 0.390383904 84 
1587135985.272840500 0.109629215 84 
1587135985.772722244 0.499881958 84 
1587135985.923201799 0.150479524 72 
1587135986.162540197 0.239338346 84 
1587135986.272737741 0.110197548 84 
1587135986.772823334 0.500085583 84 
1587135987.001708984 0.228885545 72 
1587135987.163169384 0.161460522 84 
1587135987.272429943 0.109260544 84 
1587135987.772818565 0.500388559 84 
1587135988.163163662 0.390345231 84 
1587135988.272778988 0.109615296 84 
1587135988.424249649 0.151470537 72 
1587135988.772403717 0.348154041 84 
1587135989.163187504 0.390783937 84 
1587135989.272191525 0.109003932 84 
1587135989.504743338 0.232551770 72 
1587135989.772743702 0.268000528 84 
1587135990.163237095 0.390493238 84 
1587135990.272948503 0.109711371 84 
1587135990.772717476 0.499769030 84 
1587135990.927240849 0.154523528 72 
1587135991.162597895 0.235356904 84 
1587135991.272727966 0.110130176 84 
1587135991.772746563 0.500018477 84 
1587135992.015693188 0.242946630 72 
1587135992.163207054 0.147513837 84 
1587135992.272781134 0.109574101 84 
1587135992.772739172 0.499957995 84 
1587135993.163270235 0.390531267 84 
1587135993.272607088 0.109336734 84 
1587135993.429260731 0.156653710 72 
1587135993.772871256 0.343610562 84 
1587135994.163125515 0.390254162 84 
1587135994.272813797 0.109688303 84 
1587135994.517791271 0.244977510 72 
1587135994.772858858 0.255067438 84 
1587135995.163218021 0.390359294 84 
1587135995.272810936 0.109592827 84 
1587135995.772472620 0.499661752 84 
1587135995.931268454 0.158795746 72 
1587135996.162596226 0.231327922 84 
1587135996.272831440 0.110235149 84 
1587135996.772741795 0.499910354 84 
1587135997.018738985 0.245997121 72 
1587135997.163287878 0.144549002 84 
1587135997.273213387 0.109925415 84 
1587135997.772819757 0.499606514 84 
1587135998.163198948 0.390379077 84 
1587135998.272791147 0.109592274 84 
1587135998.433236837 0.160445582 72 
1587135998.772823095 0.339586234 84 
1587135999.163043261 0.390220255 84 
1587135999.272493601 0.109450333 84 
1587135999.522838354 0.250344751 72 
1587135999.772751570 0.249913152 84 
1587136000.163205385 0.390453790 84 
1587136000.272643328 0.109437959 84 
1587136000.772712231 0.500069084 84 
1587136000.937248468 0.164536031 72 
1587136001.162581921 0.225333605 84 
1587136001.272830248 0.110248383 84 
1587136001.772748232 0.499917948 84 
1587136002.024728298 0.251979904 72 
1587136002.163210154 0.138482013 84 
1587136002.272664547 0.109454326 84 
1587136002.772871017 0.500206357 84 
1587136003.163286209 0.390415290 84 
1587136003.272715092 0.109428920 84 
1587136003.438254118 0.165539108 72 
1587136003.772749662 0.334495337 84 
1587136004.162606716 0.389857263 84 
1587136004.272824287 0.110217426 84 
1587136004.526880264 0.254056007 72 
1587136004.772817850 0.245937694 84 
1587136005.163283587 0.390465528 84 
1587136005.272829056 0.109545489 84 
1587136005.772798538 0.499969589 84 
1587136005.939252853 0.166454388 72 
1587136006.162727118 0.223474190 84 
1587136006.272774220 0.110047110 84 
1587136006.772722006 0.499947693 84 
1587136007.027710676 0.254988801 72 
1587136007.163224459 0.135513805 84 
1587136007.272753716 0.109529222 84 
1587136007.772827387 0.500073595 84 
1587136008.163223028 0.390395753 84 
1587136008.272770405 0.109547180 84 
1587136008.441226006 0.168455751 72 
1587136008.772700071 0.331474010 84 
1587136009.163038254 0.390338303 84 
1587136009.272419453 0.109381026 84 
1587136009.528708935 0.256289616 72 
1587136009.772765160 0.244056127 84 
1587136010.163232327 0.390467276 84 
1587136010.272372723 0.109140228 84 
1587136010.772771120 0.500398385 84 
1587136010.944236755 0.171465822 72 
1587136011.162561417 0.218324537 84 
1587136011.272747278 0.110185896 84 
1587136011.772732973 0.499985754 84 
1587136012.030719042 0.257985955 72 
1587136012.163228750 0.132509747 84 
1587136012.272517204 0.109288518 84 
1587136012.772708893 0.500191537 84 
1587136013.163235664 0.390526885 84 
1587136013.272860050 0.109624420 84 
1587136013.447319031 0.174459017 72 
1587136013.772762060 0.325442950 84 
1587136014.162555456 0.389793377 84 
1587136014.272848368 0.110292965 84 
1587136014.531715393 0.258867049 72 
1587136014.772795916 0.241080421 84 
1587136015.163348913 0.390553071 84 
1587136015.272754669 0.109405612 84 
1587136015.772759199 0.500004538 84 
1587136015.950287819 0.177528792 72 
1587136016.162621021 0.212333246 84 
1587136016.272758961 0.110137815 84 
1587136016.772738695 0.499979850 84 
1587136017.032879591 0.260140846 72 
1587136017.162404299 0.129524578 84 
1587136017.272852421 0.110448172 84 
1587136017.772556543 0.499704073 84 
1587136018.163264751 0.390708281 84 
1587136018.272823095 0.109558329 84 
1587136018.451285124 0.178462089 72 
1587136018.772846937 0.321561842 84 
1587136019.163112402 0.390265309 84 
1587136019.272686720 0.109574407 84 
1587136019.534929991 0.262243245 72 
1587136019.772874117 0.237944256 84 
1587136020.163291454 0.390417123 84 
1587136020.272822380 0.109530962 84 
1587136020.772799015 0.499976762 84 
1587136020.952235937 0.179436929 72 
1587136021.162634134 0.210398041 84 
1587136021.272487879 0.109853868 84 
1587136021.772904873 0.500417069 84 
1587136022.035767555 0.262862594 72 
1587136022.163310051 0.127542430 84 
1587136022.272778034 0.109467930 84 
1587136022.772746086 0.499968044 84 
1587136023.163308620 0.390562736 84 
1587136023.272518635 0.109209847 84 
1587136023.457257986 0.184739454 72 
1587136023.772845745 0.315587717 84 
1587136024.163104534 0.390258726 84 
1587136024.272842407 0.109737932 84 
1587136024.544749260 0.271906979 72 
1587136024.772815466 0.228066043 84 
1587136025.163315058 0.390499623 84 
1587136025.273114204 0.109799073 84 
1587136025.772783518 0.499669383 84 
1587136025.958264351 0.185480968 72 
1587136026.162638664 0.204374176 84 
1587136026.272762775 0.110124067 84 
1587136026.772838354 0.500075771 84 
1587136027.046022177 0.273183648 72 
1587136027.163308859 0.117286703 84 
1587136027.272812605 0.109503835 84 
1587136027.772516251 0.499703603 84 
1587136028.162332058 0.389815812 84 
1587136028.272703409 0.110371325 84 
1587136028.459372282 0.186668930 72 
1587136028.772816420 0.313444067 84 
1587136029.163281679 0.390465311 84 
1587136029.272854567 0.109572979 84 
1587136029.550853014 0.277998398 72 
1587136029.772419214 0.221566091 84 
1587136030.163338900 0.390919832 84 
1587136030.272779465 0.109440531 84 
1587136030.773185968 0.500406513 84 
1587136030.961291313 0.188105269 72 
1587136031.162585974 0.201294715 84 
1587136031.272892714 0.110306668 84 
1587136031.772775173 0.499882571 84 
1587136032.050766468 0.277991110 72 
1587136032.163615465 0.112849071 84 
1587136032.273307085 0.109691707 84 
1587136032.772804022 0.499496915 84 
1587136033.162319183 0.389515182 84 
1587136033.273024082 0.110704844 84 
1587136033.463254690 0.190230591 72 
1587136033.772834778 0.309580134 84 
1587136034.162388086 0.389553161 84 
1587136034.272838354 0.110450468 84 
1587136034.553725958 0.280887544 72 
1587136034.772754908 0.219028866 84 
1587136035.162321329 0.389566575 84 
1587136035.272783041 0.110461651 84 
1587136035.772753716 0.499970520 84 
1587136035.964231968 0.191478447 72 
1587136036.162363291 0.198131182 84 
1587136036.272739172 0.110375819 84 
1587136036.772797585 0.500058457 84 
1587136037.059729099 0.286931478 72 
1587136037.162343025 0.102613944 84 
1587136037.272821903 0.110479079 84 
1587136037.772982121 0.500160087 84 
1587136038.163139582 0.390157389 84 
1587136038.272753477 0.109613954 84 
1587136038.469231367 0.196477964 72 
1587136038.772873402 0.303641996 84 
1587136039.162446976 0.389573598 84 
1587136039.272818327 0.110371383 84 
1587136039.560734510 0.287916237 72 
1587136039.772853136 0.212118465 84 
1587136040.162361622 0.389508576 84 
1587136040.272790909 0.110429345 84 
1587136040.772825003 0.500033881 84 
1587136040.977291107 0.204466275 72 
1587136041.162583113 0.185292018 84 
1587136041.272750378 0.110167253 84 
1587136041.772775650 0.500025189 84 
1587136042.060863256 0.288087560 72 
1587136042.162386656 0.101523524 84 
1587136042.272727966 0.110341261 84 
1587136042.772781372 0.500053286 84 
1587136043.162392378 0.389611043 84 
1587136043.272731066 0.110338720 84 
1587136043.481292009 0.208560918 72 
1587136043.772819281 0.291527425 84 
1587136044.162370682 0.389551340 84 
1587136044.272712469 0.110341766 84 
1587136044.566815615 0.294103055 72 
1587136044.772732258 0.205916768 84 
1587136045.162387848 0.389655515 84 
1587136045.272807598 0.110419681 84 
1587136045.772811890 0.500004370 84 
1587136045.985244513 0.212432676 72 
1587136046.162358999 0.177114585 84 
1587136046.272997618 0.110638446 84 
1587136046.772743225 0.499745734 84 
1587136047.069777489 0.297034124 72 
1587136047.162369728 0.092592379 84 
1587136047.272803068 0.110433171 84 
1587136047.772865534 0.500062446 84 
1587136048.162366867 0.389501436 84 
1587136048.272542000 0.110175127 84 
1587136048.486250401 0.213708369 72 
1587136048.772752762 0.286502416 84 
1587136049.162392855 0.389640107 84 
1587136049.272746086 0.110353157 84 
1587136049.570711613 0.297965612 72 
1587136049.772874117 0.202162492 84 
1587136050.162374496 0.389500346 84 
1587136050.272766829 0.110392284 84 
1587136050.772855520 0.500088870 84 
1587136050.989307880 0.216452273 72 
1587136051.162452936 0.173144988 84 
1587136051.272964716 0.110511743 84 
1587136051.772932768 0.499968076 84 
1587136052.071723223 0.298790580 72 
1587136052.162578583 0.090855295 84 
1587136052.272821665 0.110243161 84 
1587136052.772984982 0.500163200 84 
1587136053.162382364 0.389397524 84 
1587136053.272910118 0.110527563 84 
1587136053.490332842 0.217422730 72 
1587136053.772799253 0.282466401 84 
1587136054.162561178 0.389762120 84 
1587136054.272831440 0.110270041 84 
1587136054.572722673 0.299891340 72 
1587136054.773395538 0.200672984 84 
1587136055.163402557 0.390007001 84 
1587136055.272789240 0.109386643 84 
1587136055.772847414 0.500058066 84 
1587136055.991252422 0.218404960 72 
1587136056.162426233 0.171173910 84 
1587136056.272861958 0.110435812 84 
1587136056.773084402 0.500222359 84 
1587136057.080717325 0.307632966 72 
1587136057.162397861 0.081680380 84 
1587136057.272830963 0.110433098 84 
1587136057.772816181 0.499985277 84 
1587136058.162412405 0.389596215 84 
1587136058.272816658 0.110404268 84 
1587136058.493252039 0.220435475 72 
1587136058.772959709 0.279707585 84 
1587136059.162418365 0.389458612 84 
1587136059.272839308 0.110421001 84 
1587136059.583760738 0.310921405 72 
1587136059.772829771 0.189069043 84 
1587136060.162425518 0.389595873 84 
1587136060.272791386 0.110365777 84 
1587136060.773377180 0.500585917 84 
1587136061.001452684 0.228075451 72 
1587136061.162755966 0.161303130 84 
1587136061.272892714 0.110136916 84 
1587136061.772844553 0.499951701 84 
1587136062.086677074 0.313832510 72 
1587136062.162884951 0.076207845 84 
1587136062.272746086 0.109861215 84 
1587136062.772792578 0.500046624 84 
1587136063.162415266 0.389622535 84 
1587136063.272938490 0.110523253 84 
1587136063.503437519 0.230499132 72 
1587136063.772831440 0.269393752 84 
1587136064.162681580 0.389850253 84 
1587136064.272810459 0.110128827 84 
1587136064.588734150 0.315923619 72 
1587136064.772897243 0.184163079 84 
1587136065.162384748 0.389487518 84 
1587136065.272908211 0.110523574 84 
1587136065.772805691 0.499897378 84 
1587136066.004232645 0.231427101 72 
1587136066.162387133 0.158154378 84 
1587136066.272621155 0.110234093 84 
1587136066.772727966 0.500106787 84 
1587136067.089764833 0.317036987 72 
1587136067.162430048 0.072665166 84 
1587136067.272743702 0.110313574 84 
1587136067.772799730 0.500056107 84 
1587136068.162447691 0.389647982 84 
1587136068.272963762 0.110516083 84 
1587136068.509229422 0.236265530 72 
1587136068.773403645 0.264174243 84 
1587136069.162421703 0.389018090 84 
1587136069.272866964 0.110445154 84 
1587136069.595708609 0.322841641 72 
1587136069.772947073 0.177238549 84 
1587136070.162398815 0.389451685 84 
1587136070.272810221 0.110411432 84 
1587136070.772370815 0.499560515 84 
1587136071.010267258 0.237896606 72 
1587136071.162404776 0.152137402 84 
1587136071.272827864 0.110423256 84 
1587136071.772825956 0.499997996 84 
1587136072.098693132 0.325867287 72 
1587136072.162381172 0.063687932 84 
1587136072.272744417 0.110363191 84 
1587136072.772734642 0.499990265 84 
1587136073.162398100 0.389663478 84 
1587136073.273037195 0.110639189 84 
1587136073.512329340 0.239291961 72 
1587136073.772739649 0.260410335 84 
1587136074.163041353 0.390301790 84 
1587136074.273055553 0.110014212 84 
1587136074.599716902 0.326661222 72 
1587136074.772796869 0.173080154 84 
1587136075.162741184 0.389944235 84 
1587136075.272755146 0.110013973 84 
1587136075.772730112 0.499974890 84 
1587136076.016419649 0.243689658 72 
1587136076.162603140 0.146183488 84 
1587136076.272791862 0.110188585 84 
1587136076.772794008 0.500002123 84 
1587136077.101722002 0.328928068 72 
1587136077.162355423 0.060633336 84 
1587136077.272953033 0.110597589 84 
1587136077.772716045 0.499763124 84 
1587136078.162569046 0.389853035 84 
1587136078.272807598 0.110238399 84 
1587136078.517209768 0.244402253 72 
1587136078.772820473 0.255610623 84 
1587136079.162422657 0.389602241 84 
1587136079.272851467 0.110428822 84 
1587136079.602758884 0.329907436 72 
1587136079.772781610 0.170022788 84 
1587136080.162361383 0.389579849 84 
1587136080.272828817 0.110467375 84 
1587136080.772837400 0.500008610 84 
1587136081.018224478 0.245386964 72 
1587136081.162474871 0.144250470 84 
1587136081.272802830 0.110327915 84 
1587136081.772563219 0.499760313 84 
1587136082.105745792 0.333182648 72 
1587136082.163395643 0.057649897 84 
1587136082.272751093 0.109355433 84 
1587136082.772828102 0.500077058 84 
1587136083.163363218 0.390535158 84 
1587136083.272865772 0.109502506 84 
1587136083.520294189 0.247428421 72 
1587136083.773101091 0.252806853 84 
1587136084.162413359 0.389312287 84 
1587136084.272747517 0.110334012 84 
1587136084.608743429 0.335995927 72 
1587136084.773310184 0.164566840 84 
1587136085.162438393 0.389128190 84 
1587136085.272757530 0.110319134 84 
1587136085.772825956 0.500068454 84 
1587136086.022228003 0.249402043 72 
1587136086.162596703 0.140368768 84 
1587136086.272912025 0.110315173 84 
1587136086.772863388 0.499951450 84 
1587136087.109708309 0.336844895 72 
1587136087.162739515 0.053031157 84 
1587136087.272752047 0.110012652 84 
1587136087.773012638 0.500260559 84 
1587136088.162719488 0.389706916 84 
1587136088.272721052 0.110001445 84 
1587136088.524403572 0.251682476 72 
1587136088.772806644 0.248403173 84 
1587136089.162622452 0.389815804 84 
1587136089.272780895 0.110158417 84 
1587136089.611782312 0.339001368 72 
1587136089.772741556 0.160959209 84 
1587136090.162355900 0.389614538 84 
1587136090.272817135 0.110461231 84 
1587136090.772908688 0.500091454 84 
1587136091.025316000 0.252407350 72 
1587136091.162555695 0.137239742 84 
1587136091.272773981 0.110218166 84 
1587136091.772706032 0.499932167 84 
1587136092.116912127 0.344205945 72 
1587136092.162335873 0.045423925 84 
1587136092.272806883 0.110470939 84 
1587136092.772701979 0.499895065 84 
1587136093.162899256 0.390197187 84 
1587136093.272835493 0.109936308 84 
1587136093.527325630 0.254490083 72 
1587136093.772761583 0.245435910 84 
1587136094.162492752 0.389731177 84 
1587136094.272389412 0.109896749 84 
1587136094.618742466 0.346353032 72 
1587136094.772343159 0.153600729 84 
1587136095.162436485 0.390093386 84 
1587136095.273291588 0.110855117 84 
1587136095.772754669 0.499463096 84 
1587136096.028314352 0.255559624 72 
1587136096.162552357 0.134237982 84 
1587136096.272786617 0.110234188 84 
1587136096.772806406 0.500019755 84 
1587136097.120745182 0.347938798 72 
1587136097.162492752 0.041747674 84 
1587136097.272838831 0.110346092 84 
1587136097.772761583 0.499922602 84 
1587136098.163340569 0.390579193 84 
1587136098.272761822 0.109421106 84 
1587136098.537271738 0.264510035 72 
1587136098.772753477 0.235481589 84 
1587136099.162627935 0.389874627 84 
1587136099.272866011 0.110238076 84 
1587136099.624747038 0.351880937 72 
1587136099.772777557 0.148030610 84 
1587136100.162417173 0.389639594 84 
1587136100.272750854 0.110333524 84 
1587136100.772722721 0.499971932 84 
1587136101.046281815 0.273559022 72 
1587136101.162665606 0.116383915 84 
1587136101.272590399 0.109924658 84 
1587136101.772745609 0.500155350 84 
1587136102.125716925 0.352971334 72 
1587136102.162316561 0.036599589 84 
1587136102.272777081 0.110460401 84 
1587136102.773190498 0.500413595 84 
1587136103.162343502 0.389152994 84 
1587136103.272775173 0.110431618 84 
1587136103.549268723 0.276493451 72 
1587136103.772721291 0.223452562 84 
1587136104.163004875 0.390283793 84 
1587136104.272788525 0.109783524 84 
1587136104.626693249 0.353904818 72 
1587136104.772766590 0.146073275 84 
1587136105.162320137 0.389553457 84 
1587136105.272734165 0.110414048 84 
1587136105.772785425 0.500051353 84 
1587136106.052254915 0.279469367 72 
1587136106.162498713 0.110243941 84 
1587136106.272717237 0.110218382 84 
1587136106.772776127 0.500059092 84 
1587136107.129757881 0.356981534 72 
1587136107.162319899 0.032562064 84 
1587136107.272803783 0.110483868 84 
1587136107.772932529 0.500128756 84 
1587136108.162314653 0.389382169 84 
1587136108.272780180 0.110465521 84 
1587136108.554525614 0.281745480 72 
1587136108.772752762 0.218227040 84 
1587136109.162441969 0.389689346 84 
1587136109.272792101 0.110350078 84 
1587136109.632729292 0.359937290 72 
1587136109.772853851 0.140124581 84 
1587136110.162307501 0.389453533 84 
1587136110.272798300 0.110490727 84 
1587136110.772776127 0.499977905 84 
1587136111.055246353 0.282470143 72 
1587136111.162482262 0.107236023 84 
1587136111.272864103 0.110381795 84 
1587136111.772683859 0.499819750 84 
1587136112.133732557 0.361048614 72 
1587136112.162279129 0.028546591 84 
1587136112.272833824 0.110554862 84 
1587136112.772794962 0.499960952 84 
1587136113.163307905 0.390512997 84 
1587136113.272753954 0.109446195 84 
1587136113.556237221 0.283483137 72 
1587136113.772991657 0.216754524 84 
1587136114.162807941 0.389816224 84 
1587136114.272776127 0.109968282 84 
1587136114.634710550 0.361934424 72 
1587136114.772696257 0.137985707 84 
1587136115.162899494 0.390203227 84 
1587136115.272871733 0.109972045 84 
1587136115.772833824 0.499962182 84 
1587136116.058304787 0.285470897 72 
1587136116.162497759 0.104193142 84 
1587136116.272772074 0.110274204 84 
1587136116.772766829 0.499994676 84 
1587136117.135690928 0.362924214 72 
1587136117.162301779 0.026610811 84 
1587136117.272731781 0.110430069 84 
1587136117.772858620 0.500126862 84 
1587136118.162295580 0.389436892 84 
1587136118.272859573 0.110563959 84 
1587136118.559259892 0.286400311 72 
1587136118.772713661 0.213453906 84 
1587136119.163013697 0.390300066 84 
1587136119.272842884 0.109829097 84 
1587136119.636773825 0.363930894 72 
1587136119.772810698 0.136036976 84 
1587136120.162323475 0.389512641 84 
1587136120.272805452 0.110482034 84 
1587136120.772926807 0.500121276 84 
1587136121.063370943 0.290444241 72 
1587136121.162561178 0.099190110 84 
1587136121.272854567 0.110293601 84 
1587136121.772679567 0.499824799 84 
1587136122.138813019 0.366133423 72 
1587136122.163113356 0.024300471 84 
1587136122.272774935 0.109661553 84 
1587136122.772758007 0.499983157 84 
1587136123.163414001 0.390655935 84 
1587136123.272702217 0.109288170 84 
1587136123.566259384 0.293557131 72 
1587136123.772682190 0.206422795 84 
1587136124.162997484 0.390315466 84 
1587136124.272752523 0.109754947 84 
1587136124.640719891 0.367967436 72 
1587136124.772795916 0.132075888 84 
1587136125.162411928 0.389616152 84 
1587136125.272692919 0.110280829 84 
1587136125.772755861 0.500063059 84 
1587136126.067257643 0.294501737 72 
1587136126.162499666 0.095242028 84 
1587136126.272761822 0.110262220 84 
1587136126.772770166 0.500008286 84 
1587136127.142679453 0.369909344 72 
1587136127.163336277 0.020656742 84 
1587136127.272848368 0.109512108 84 
1587136127.772711277 0.499863035 84 
1587136128.162301064 0.389589747 84 
1587136128.272860527 0.110559489 84 
1587136128.567340374 0.294479825 72 
1587136128.772775650 0.205435300 84 
1587136129.163036823 0.390261122 84 
1587136129.272860289 0.109823516 84 
1587136129.643720627 0.370860169 72 
1587136129.772988796 0.129268298 84 
1587136130.163271427 0.390282468 84 
1587136130.272729874 0.109458581 84 
1587136130.772864103 0.500134184 84 
1587136131.069252014 0.296388039 72 
1587136131.162455797 0.093203731 84 
1587136131.272720098 0.110264171 84 
1587136131.772819757 0.500099770 84 
1587136132.150705576 0.377885734 72 
1587136132.163275719 0.012570276 84 
1587136132.272773266 0.109497405 84 
1587136132.773448467 0.500675231 84 
1587136133.163364887 0.389916527 84 
1587136133.273271084 0.109906130 84 
1587136133.571307421 0.298036358 72 
1587136133.773268461 0.201960983 84 
1587136134.162553549 0.389285144 84 
1587136134.272859335 0.110305732 84 
1587136134.650770664 0.377911245 72 
1587136134.772874594 0.122104032 84 
1587136135.163330555 0.390455937 84 
1587136135.273035526 0.109705075 84 
1587136135.773203611 0.500167886 84 
1587136136.072237015 0.299033492 72 
1587136136.162440538 0.090203477 84 
1587136136.273007393 0.110566830 84 
1587136136.772993565 0.499986196 84 
1587136137.153694868 0.380701404 72 
1587136137.163273096 0.009578160 84 
1587136137.272885323 0.109612208 84 
1587136137.772809267 0.499923922 84 
1587136138.163326263 0.390517152 84 
1587136138.272898197 0.109571819 84 
1587136138.575306892 0.302408729 72 
1587136138.773074865 0.197767916 84 
1587136139.162845135 0.389770378 84 
1587136139.272789478 0.109944407 84 
1587136139.654712915 0.381923270 72 
1587136139.772835732 0.118122927 84 
1587136140.162668228 0.389832439 84 
1587136140.272781610 0.110113319 84 
1587136140.772782803 0.500001334 84 
1587136141.075310946 0.302527976 72 
1587136141.162702322 0.087391412 84 
1587136141.272819281 0.110117067 84 
1587136141.772941589 0.500122321 84 
1587136142.158902407 0.385960662 72 
1587136142.163177490 0.004275101 84 
1587136142.272974014 0.109796554 84 
1587136142.772842646 0.499868586 84 
1587136143.163312435 0.390469790 84 
1587136143.272890329 0.109577935 84 
1587136143.578299046 0.305408650 72 
1587136143.772763491 0.194464597 84 
1587136144.163060427 0.390297002 84 
1587136144.272853136 0.109792710 84 
1587136144.662772655 0.389919414 72 
1587136144.772947073 0.110174469 84 
