1586958944.189363003 0.219000264 84 
1586958944.264201641 0.074838563 72 
1586958944.689416885 0.425215247 84 
1586958944.956214666 0.266797931 72 
1586958944.969986200 0.013771309 84 
1586958945.189363718 0.219377667 84 
1586958945.688485384 0.499121548 84 
1586958945.970163822 0.281678441 84 
1586958946.189275265 0.219111628 84 
1586958946.689337730 0.500062373 84 
1586958946.767261505 0.077923694 72 
1586958946.969712734 0.202451290 84 
1586958947.189344883 0.219632088 84 
1586958947.461274385 0.271929575 72 
1586958947.689340830 0.228066331 84 
1586958947.970176220 0.280835573 84 
1586958948.189270020 0.219093811 84 
1586958948.689324856 0.500054756 84 
1586958948.970183134 0.280858208 84 
1586958949.188409090 0.218225903 84 
1586958949.268199444 0.079790498 72 
1586958949.689353943 0.421154359 84 
1586958949.964258671 0.274904730 72 
1586958949.970017195 0.005758673 84 
1586958950.189326525 0.219309263 84 
1586958950.689284563 0.499958025 84 
1586958950.970161676 0.280877069 84 
1586958951.189382553 0.219220948 84 
1586958951.689296961 0.499914399 84 
1586958951.772238493 0.082941670 72 
1586958951.969479084 0.197240496 84 
1586958952.189413548 0.219934548 84 
1586958952.467320442 0.277906766 72 
1586958952.689270020 0.221949504 84 
1586958952.970162153 0.280892182 84 
1586958953.189886093 0.219724045 84 
1586958953.689344645 0.499458589 84 
1586958953.970159292 0.280814468 84 
1586958954.189244032 0.219084796 84 
1586958954.279204845 0.089960836 72 
1586958954.689242840 0.410037957 84 
1586958954.969981670 0.280738922 84 
1586958954.971508503 0.001526742 72 
1586958955.189452410 0.217943940 84 
1586958955.689342737 0.499890388 84 
1586958955.970176697 0.280833913 84 
1586958956.189216137 0.219039547 84 
1586958956.689325571 0.500109249 84 
1586958956.782217264 0.092891733 72 
1586958956.969521761 0.187304645 84 
1586958957.189445257 0.219923488 84 
1586958957.484305143 0.294859885 72 
1586958957.689316750 0.205011585 84 
1586958957.970295191 0.280978446 84 
1586958958.189274073 0.218978738 84 
1586958958.688626528 0.499352440 84 
1586958958.970334053 0.281707702 84 
1586958959.189345360 0.219011314 84 
1586958959.285261631 0.095916076 72 
1586958959.689310312 0.404048668 84 
1586958959.969988585 0.280678485 84 
1586958959.986293316 0.016304691 72 
1586958960.188618183 0.202324689 84 
1586958960.689336061 0.500717910 84 
1586958960.970160246 0.280824260 84 
1586958961.189335346 0.219175049 84 
1586958961.689237833 0.499902530 84 
1586958961.791219711 0.101981804 72 
1586958961.969478607 0.178259051 84 
1586958962.189326525 0.219847752 84 
1586958962.487261295 0.297934811 72 
1586958962.689319372 0.202058227 84 
1586958962.970209122 0.280889751 84 
1586958963.188704252 0.218494927 84 
1586958963.689382792 0.500678636 84 
1586958963.970220327 0.280837553 84 
1586958964.189356327 0.219136065 84 
1586958964.292211294 0.102854804 72 
1586958964.689462423 0.397251168 84 
1586958964.969844341 0.280382059 84 
1586958964.989453077 0.019608729 72 
1586958965.189332962 0.199879732 84 
1586958965.689317226 0.499984311 84 
1586958965.970170259 0.280853073 84 
1586958966.189365149 0.219194963 84 
1586958966.688574791 0.499209559 84 
1586958966.797207117 0.108632320 72 
1586958966.969635248 0.172428032 84 
1586958967.189463854 0.219828707 84 
1586958967.491228580 0.301764680 72 
1586958967.688979864 0.197751301 84 
1586958967.970167637 0.281187713 84 
1586958968.189349413 0.219181918 84 
1586958968.689308405 0.499958967 84 
1586958968.970176220 0.280867688 84 
1586958969.189667940 0.219491760 84 
1586958969.299237013 0.109569113 72 
1586958969.689289808 0.390052776 84 
1586958969.970015764 0.280726014 84 
1586958969.993299007 0.023283097 72 
1586958970.189302444 0.196003591 84 
1586958970.689327002 0.500024591 84 
1586958970.970195532 0.280868519 84 
1586958971.189332008 0.219136439 84 
1586958971.688573360 0.499241219 84 
1586958971.802217960 0.113644769 72 
1586958971.969467640 0.167249627 84 
1586958972.188835621 0.219368092 84 
1586958972.495258808 0.306422954 72 
1586958972.689273119 0.194014517 84 
1586958972.970250368 0.280977112 84 
1586958973.189392567 0.219142322 84 
1586958973.689613581 0.500221056 84 
1586958973.970182180 0.280568575 84 
1586958974.189338923 0.219156558 84 
1586958974.307220459 0.117881704 72 
1586958974.689167976 0.381947349 84 
1586958974.969807148 0.280639246 84 
1586958975.000349283 0.030542084 72 
1586958975.189413548 0.189064319 84 
1586958975.688874006 0.499460470 84 
1586958975.970177412 0.281303481 84 
1586958976.189196110 0.219018736 84 
1586958976.688774347 0.499578017 84 
1586958976.808248043 0.119473826 72 
1586958976.969483376 0.161235328 84 
1586958977.189368725 0.219885414 84 
1586958977.502254009 0.312885251 72 
1586958977.689365387 0.187111329 84 
1586958977.970243216 0.280877884 84 
1586958978.189285755 0.219042404 84 
1586958978.689374208 0.500088437 84 
1586958978.970172644 0.280798593 84 
1586958979.189152479 0.218979771 84 
1586958979.312219143 0.123066601 72 
1586958979.689288378 0.377069291 84 
1586958979.969398022 0.280109565 84 
1586958980.004297018 0.034899112 72 
1586958980.188766956 0.184469804 84 
1586958980.688836098 0.500069164 84 
1586958980.969550371 0.280714279 84 
1586958981.189329147 0.219778779 84 
1586958981.689332724 0.500003693 84 
1586958981.814323664 0.124990863 72 
1586958981.969579220 0.155255504 84 
1586958982.189318657 0.219739519 84 
1586958982.504276037 0.314957334 72 
1586958982.689321995 0.185046066 84 
1586958982.970197201 0.280875260 84 
1586958983.189390421 0.219193181 84 
1586958983.689309597 0.499919167 84 
1586958983.970204353 0.280894795 84 
1586958984.189130306 0.218925951 84 
1586958984.320261955 0.131131627 72 
1586958984.688951731 0.368689616 84 
1586958984.970001698 0.281050141 84 
1586958985.006436110 0.036434324 72 
1586958985.189447880 0.183011733 84 
1586958985.689351559 0.499903796 84 
1586958985.970177174 0.280825498 84 
1586958986.189358234 0.219181002 84 
1586958986.689532042 0.500173986 84 
1586958986.824237108 0.134704928 72 
1586958986.969458818 0.145221819 84 
1586958987.189338446 0.219879528 84 
1586958987.510280609 0.320942100 72 
1586958987.689314127 0.179033616 84 
1586958987.970176935 0.280862749 84 
1586958988.189301729 0.219124752 84 
1586958988.689300060 0.499998359 84 
1586958988.970184326 0.280884440 84 
1586958989.189363956 0.219179446 84 
1586958989.328233480 0.138869524 72 
1586958989.689380646 0.361147323 84 
1586958989.969957113 0.280576461 84 
1586958990.020251751 0.050294483 72 
1586958990.189277172 0.169025560 84 
1586958990.689429283 0.500152082 84 
1586958990.970229149 0.280799927 84 
1586958991.189600229 0.219371001 84 
1586958991.689348221 0.499747969 84 
1586958991.831245899 0.141897673 72 
1586958991.969455481 0.138209624 84 
1586958992.189331055 0.219875467 84 
1586958992.520287752 0.330956811 72 
1586958992.689339399 0.169051548 84 
1586958992.970185757 0.280846347 84 
1586958993.189220667 0.219034940 84 
1586958993.689343929 0.500123350 84 
1586958993.970203876 0.280860015 84 
1586958994.189577579 0.219373624 84 
1586958994.335251808 0.145674233 72 
1586958994.689497232 0.354245319 84 
1586958994.970006943 0.280509917 84 
1586958995.024262905 0.054255736 72 
1586958995.189522028 0.165259172 84 
1586958995.689344406 0.499822480 84 
1586958995.970201015 0.280856455 84 
1586958996.189308643 0.219107709 84 
1586958996.688748121 0.499439502 84 
1586958996.838288784 0.149540722 72 
1586958996.969502926 0.131213977 84 
1586958997.189519405 0.220016610 84 
1586958997.532310009 0.342790616 72 
1586958997.689326763 0.157016720 84 
1586958997.970177650 0.280850783 84 
1586958998.189437628 0.219260103 84 
1586958998.689320564 0.499882996 84 
1586958998.970197678 0.280876977 84 
1586958999.189309835 0.219112113 84 
1586958999.341454983 0.152145309 72 
1586958999.689372301 0.347917249 84 
1586958999.970296860 0.280924534 84 
1586959000.035324097 0.065027382 72 
1586959000.189389467 0.154065355 84 
1586959000.688745022 0.499355493 84 
1586959000.970176458 0.281431509 84 
1586959001.189420938 0.219244332 84 
1586959001.689341545 0.499920652 84 
1586959001.844235897 0.154894460 72 
1586959001.969437599 0.125201518 84 
1586959002.189393997 0.219956360 84 
1586959002.536298037 0.346904260 72 
1586959002.688690662 0.152392460 84 
1586959002.970232248 0.281541603 84 
1586959003.189397812 0.219165652 84 
1586959003.689298391 0.499900481 84 
1586959003.970405340 0.281106990 84 
1586959004.189443350 0.219037916 84 
1586959004.348307133 0.158864000 72 
1586959004.689413309 0.341105949 84 
1586959004.970021009 0.280607841 84 
1586959005.037357330 0.067336224 72 
1586959005.189343929 0.151986760 84 
1586959005.689421654 0.500077733 84 
1586959005.970411777 0.280990044 84 
1586959006.189257383 0.218845471 84 
1586959006.689401627 0.500144267 84 
1586959006.850327730 0.160926144 72 
1586959006.969563246 0.119235467 84 
1586959007.189390898 0.219827664 84 
1586959007.548322678 0.358931907 72 
1586959007.689297438 0.140974780 84 
1586959007.970235586 0.280938052 84 
1586959008.189486504 0.219250902 84 
1586959008.689479828 0.499993381 84 
1586959008.970238686 0.280758903 84 
1586959009.189537048 0.219298234 84 
1586959009.352250338 0.162713352 72 
1586959009.689282894 0.337032537 84 
1586959009.969924927 0.280642099 84 
1586959010.051291227 0.081366255 72 
1586959010.188560963 0.137269715 84 
1586959010.689341784 0.500780835 84 
1586959010.970228672 0.280886797 84 
1586959011.189468145 0.219239673 84 
1586959011.689360142 0.499891865 84 
1586959011.853277206 0.163917141 72 
1586959011.969516993 0.116239822 84 
1586959012.189342976 0.219825970 84 
1586959012.556352377 0.367009246 72 
1586959012.689285517 0.132933306 84 
1586959012.969443798 0.280158283 84 
1586959013.189320087 0.219876131 84 
1586959013.688488483 0.499168451 84 
1586959013.970233679 0.281745265 84 
1586959014.189408541 0.219174774 84 
1586959014.357245207 0.167836752 72 
1586959014.689622879 0.332377554 84 
1586959014.969927073 0.280304324 84 
1586959015.088322878 0.118395754 72 
1586959015.189443588 0.101120802 84 
1586959015.689424515 0.499980804 84 
1586959015.970199347 0.280774984 84 
1586959016.189362049 0.219162491 84 
1586959016.689308405 0.499946390 84 
1586959016.870244503 0.180936105 72 
1586959016.969454050 0.099209697 84 
1586959017.189506769 0.220052718 84 
1586959017.587369680 0.397862834 72 
1586959017.689365864 0.101996246 84 
1586959017.970202684 0.280836861 84 
1586959018.189398766 0.219195848 84 
1586959018.689524889 0.500126265 84 
1586959018.970195532 0.280670502 84 
1586959019.189511538 0.219316144 84 
1586959019.372248888 0.182737440 72 
1586959019.689407110 0.317158118 84 
1586959019.969919443 0.280512401 84 
1586959020.093317747 0.123398194 72 
1586959020.189356327 0.096038619 84 
1586959020.689403772 0.500047396 84 
1586959020.970206738 0.280802941 84 
1586959021.189380169 0.219173404 84 
1586959021.689396620 0.500016470 84 
1586959021.877267122 0.187870463 72 
1586959021.969421387 0.092154339 84 
1586959022.189371347 0.219950001 84 
1586959022.598292351 0.408920893 72 
1586959022.689351082 0.091058881 84 
1586959022.970306635 0.280955523 84 
1586959023.189123631 0.218817045 84 
1586959023.689259291 0.500135700 84 
1586959023.970214128 0.280954778 84 
1586959024.189396620 0.219182533 84 
1586959024.382326365 0.192929694 72 
1586959024.689387083 0.307060723 84 
1586959024.969938278 0.280551256 84 
1586959025.104281425 0.134342961 72 
1586959025.189362049 0.085080806 84 
1586959025.689319849 0.499957804 84 
1586959025.970205545 0.280885499 84 
1586959026.188850880 0.218645497 84 
1586959026.689395905 0.500544896 84 
1586959026.885257244 0.195861482 72 
1586959026.969425440 0.084168049 84 
1586959027.189502001 0.220076709 84 
1586959027.605471611 0.415969507 72 
1586959027.688751459 0.083279779 84 
1586959027.970207214 0.281455908 84 
1586959028.189415693 0.219208426 84 
1586959028.689389706 0.499974036 84 
1586959028.970208883 0.280819085 84 
1586959029.689428568 0.719219779 84 
1586959029.970018864 0.280590171 84 
1586959030.107307196 0.137288437 72 
1586959030.189300537 0.081993243 84 
1586959030.689464092 0.500163739 84 
1586959030.970207930 0.280743735 84 
1586959031.190075397 0.219867382 84 
1586959031.689311981 0.499236730 84 
1586959031.891371727 0.202059740 72 
1586959031.969503403 0.078131740 84 
1586959032.188530684 0.219027133 84 
1586959032.608451843 0.419921177 72 
1586959032.689401865 0.080950040 84 
1586959032.970228672 0.280826884 84 
1586959033.189352512 0.219123877 84 
1586959033.689553022 0.500200467 84 
1586959033.970283747 0.280730638 84 
1586959034.189440250 0.219156586 84 
1586959034.395294666 0.205854338 72 
1586959034.689397812 0.294103119 84 
1586959034.969976187 0.280578372 84 
1586959035.118494987 0.148518729 72 
1586959035.189963818 0.071468970 84 
1586959035.689530849 0.499567011 84 
1586959035.970217466 0.280686520 84 
1586959036.189401627 0.219184337 84 
1586959036.689423561 0.500021758 84 
1586959036.897325516 0.207901959 72 
1586959036.969471216 0.072145818 84 
1586959037.189566612 0.220095268 84 
1586959037.622316599 0.432750173 72 
1586959037.689404726 0.067087997 84 
1586959037.970221519 0.280816814 84 
1586959038.189606428 0.219384959 84 
1586959038.689462185 0.499855694 84 
1586959038.970274210 0.280812131 84 
1586959039.188742876 0.218468663 84 
1586959039.404298544 0.215555591 72 
1586959039.688758612 0.284459996 84 
1586959039.969933271 0.281174669 84 
1586959040.122344255 0.152411029 72 
1586959040.189366102 0.067021776 84 
1586959040.689332485 0.499966577 84 
1586959040.970355272 0.281022757 84 
1586959041.189346075 0.218990836 84 
1586959041.689341307 0.499995161 84 
1586959041.906325340 0.216984100 72 
1586959041.969485044 0.063159604 84 
1586959042.189309835 0.219824862 84 
1586959042.625291586 0.435981628 72 
1586959042.689358711 0.064067080 84 
1586959042.969647646 0.280288945 84 
1586959043.188934326 0.219286754 84 
1586959043.689502239 0.500567907 84 
1586959043.969478846 0.279976559 84 
1586959044.189412355 0.219933645 84 
1586959044.407519102 0.218106661 72 
1586959044.689349174 0.281830056 84 
1586959044.970116138 0.280767033 84 
1586959045.129306793 0.159190544 72 
1586959045.189326286 0.060019456 84 
1586959045.689516068 0.500189870 84 
1586959045.970286608 0.280770561 84 
1586959046.189586878 0.219300222 84 
1586959046.688730955 0.499144080 84 
1586959046.909344912 0.220613995 72 
1586959046.969544888 0.060200068 84 
1586959047.188983202 0.219438202 84 
1586959047.632339716 0.443356564 72 
1586959047.689062119 0.056722368 84 
1586959047.970266104 0.281203924 84 
1586959048.188882589 0.218616473 84 
1586959048.689397097 0.500514555 84 
1586959048.970314026 0.280916922 84 
1586959049.189392328 0.219078388 84 
1586959049.413366318 0.223973877 72 
1586959049.689457655 0.276091446 84 
1586959049.969491959 0.280034273 84 
1586959050.133376122 0.163884115 72 
1586959050.189439297 0.056063310 84 
1586959050.689350128 0.499910750 84 
1586959050.970232248 0.280882110 84 
1586959051.189539671 0.219307358 84 
1586959051.689338207 0.499798610 84 
1586959051.915293217 0.225954897 72 
1586959051.969416618 0.054123547 84 
1586959052.189425230 0.220008613 84 
1586959052.634317636 0.444892459 72 
1586959052.688740015 0.054422283 84 
1586959052.970270157 0.281530258 84 
1586959053.189253092 0.218982926 84 
1586959053.689403534 0.500150238 84 
1586959053.970405102 0.281001725 84 
1586959054.189358234 0.218953193 84 
1586959054.418341875 0.228983476 72 
1586959054.688900471 0.270558525 84 
1586959054.969976187 0.281075950 84 
1586959055.139482975 0.169506712 72 
1586959055.189439058 0.049956129 84 
1586959055.689705849 0.500266623 84 
1586959055.970225811 0.280520075 84 
1586959056.189454317 0.219228579 84 
1586959056.689407587 0.499953148 84 
1586959056.919346809 0.229939271 72 
1586959056.969570160 0.050223346 84 
1586959057.188624620 0.219054498 84 
1586959057.643323421 0.454698760 72 
1586959057.688670158 0.045346622 84 
1586959057.970241070 0.281570919 84 
1586959058.189424753 0.219183749 84 
1586959058.689550161 0.500125435 84 
1586959058.970273256 0.280723153 84 
1586959059.189358473 0.219085134 84 
1586959059.420294762 0.230936412 72 
1586959059.689615965 0.269321050 84 
1586959059.969497919 0.279881970 84 
1586959060.148313999 0.178816045 72 
1586959060.189404249 0.041090416 84 
1586959060.689395666 0.499991355 84 
1586959060.970287800 0.280892059 84 
1586959061.188997746 0.218710014 84 
1586959061.689067841 0.500070108 84 
1586959061.923475266 0.234407365 72 
1586959061.969450951 0.045975817 84 
1586959062.189494610 0.220043532 84 
1586959062.651301384 0.461806715 72 
1586959062.689432383 0.038130978 84 
1586959062.970237017 0.280804607 84 
1586959063.189680099 0.219443177 84 
1586959063.689407349 0.499727204 84 
1586959063.970230579 0.280823246 84 
1586959064.189393520 0.219163102 84 
1586959064.430302143 0.240908461 72 
1586959064.689369440 0.259067334 84 
1586959064.969519377 0.280149872 84 
1586959065.153377056 0.183857709 72 
1586959065.189352512 0.035975549 84 
1586959065.689165354 0.499812758 84 
1586959065.970268726 0.281103533 84 
1586959066.189356089 0.219087262 84 
1586959066.689517498 0.500161318 84 
1586959066.932288408 0.242770953 72 
1586959066.969403267 0.037114942 84 
1586959067.189496279 0.220093013 84 
1586959067.657344818 0.467848558 72 
1586959067.689411402 0.032066512 84 
1586959067.970231533 0.280820177 84 
1586959068.189359903 0.219128344 84 
1586959068.689429283 0.500069299 84 
1586959068.970286369 0.280857254 84 
1586959069.189428329 0.219141920 84 
1586959069.435346603 0.245918178 72 
1586959069.689420462 0.254073829 84 
1586959069.969938517 0.280517997 84 
1586959070.162318945 0.192380447 72 
1586959070.189427376 0.027108615 84 
1586959070.688539743 0.499112210 84 
1586959070.970239639 0.281699975 84 
1586959071.189436197 0.219196506 84 
1586959071.689378500 0.499942380 84 
1586959071.937325478 0.247946930 72 
1586959071.969551086 0.032225525 84 
1586959072.189447641 0.219896762 84 
1586959072.663316727 0.473868873 72 
1586959072.689531565 0.026215058 84 
1586959072.970239162 0.280707598 84 
1586959073.189465523 0.219226302 84 
1586959073.689396620 0.499931055 84 
1586959073.970243216 0.280846472 84 
1586959074.189258099 0.219015043 84 
1586959074.438310385 0.249052197 72 
1586959074.688793182 0.250482755 84 
1586959074.969743967 0.280950815 84 
1586959075.164323092 0.194579178 72 
1586959075.189632654 0.025309448 84 
1586959075.689351320 0.499718674 84 
1586959075.969859838 0.280508639 84 
1586959076.189448833 0.219588979 84 
1586959076.689494371 0.500045418 84 
1586959076.946292877 0.256798548 72 
1586959076.969416380 0.023123644 84 
1586959077.189666748 0.220250285 84 
1586959077.666335821 0.476669060 72 
1586959077.689508677 0.023172987 84 
1586959077.970263720 0.280754949 84 
1586959078.189403534 0.219139901 84 
1586959078.689398289 0.499994752 84 
1586959078.970246553 0.280848089 84 
1586959079.189427614 0.219181263 84 
1586959079.448299646 0.258871946 72 
1586959079.689524889 0.241225115 84 
1586959079.969642878 0.280117998 84 
1586959080.180413723 0.210770945 72 
1586959080.189373732 0.008960108 84 
1586959080.689382076 0.500008213 84 
1586959080.970292091 0.280909925 84 
1586959081.189380884 0.219089010 84 
1586959081.689377546 0.499996594 84 
1586959081.953295469 0.263917775 72 
1586959081.969415188 0.016119848 84 
1586959082.189349890 0.219934755 84 
1586959082.676359177 0.487009158 72 
1586959082.689417601 0.013058512 84 
1586959082.970292091 0.280874441 84 
1586959083.189514875 0.219222714 84 
1586959083.689018726 0.499504010 84 
1586959083.970257282 0.281238376 84 
1586959084.189429045 0.219171838 84 
1586959084.455363035 0.265934044 72 
1586959084.688559532 0.233196533 84 
1586959084.969962120 0.281402505 84 
1586959085.177371502 0.207409369 72 
1586959085.189438820 0.012067389 84 
1586959085.689560175 0.500121380 84 
1586959085.970299244 0.280739099 84 
1586959086.189400434 0.219101165 84 
1586959086.689419270 0.500018841 84 
1586959086.956344604 0.266925155 72 
1586959086.969467163 0.013122736 84 
1586959087.188962221 0.219494944 84 
1586959087.682373285 0.493411213 72 
1586959087.689424753 0.007051274 84 
1586959087.970237494 0.280812730 84 
1586959088.188794136 0.218556810 84 
1586959088.689513922 0.500719837 84 
1586959088.970295429 0.280781434 84 
1586959089.188932896 0.218637451 84 
1586959089.464363813 0.275430795 72 
1586959089.689581871 0.225218186 84 
1586959089.969997883 0.280416032 84 
1586959090.184428453 0.214430410 72 
1586959090.189493895 0.005065482 84 
1586959090.689010859 0.499516955 84 
1586959090.970306873 0.281295993 84 
1586959091.189472914 0.219166104 84 
1586959091.689399481 0.499926705 84 
1586959091.970278740 0.280879074 84 
1586959091.976327181 0.006048595 72 
1586959092.189467430 0.213140143 84 
1586959092.689353943 0.499886660 84 
1586959092.691354990 0.002000993 72 
1586959092.970265150 0.278910000 84 
1586959093.189717770 0.219452784 84 
1586959093.689421177 0.499703397 84 
1586959093.970297337 0.280876102 84 
1586959094.189587116 0.219289760 84 
1586959094.480300188 0.290713158 72 
1586959094.688776493 0.208476148 84 
1586959094.969876528 0.281100037 84 
1586959095.189459801 0.219583383 84 
1586959095.193350077 0.003890165 72 
1586959095.688807249 0.495457326 84 
1586959095.970286846 0.281479580 84 
1586959096.189457655 0.219170790 84 
1586959096.689531803 0.500074141 84 
1586959096.970289946 0.280758145 84 
1586959096.982420683 0.012130681 72 
1586959097.188956738 0.206536010 84 
1586959097.689631224 0.500674513 84 
1586959097.694343090 0.004712015 72 
1586959097.970310926 0.275967859 84 
1586959098.189423323 0.219112347 84 
1586959098.689362288 0.499938879 84 
1586959098.970262289 0.280900111 84 
1586959099.189463377 0.219200975 84 
1586959099.485303164 0.295839829 72 
1586959099.689242363 0.203939086 84 
1586959099.969901323 0.280659167 84 
1586959100.188910723 0.219009226 84 
1586959100.197403193 0.008492597 72 
1586959100.689473391 0.492070049 84 
1586959100.970414639 0.280941350 84 
1586959101.189449549 0.219034907 84 
1586959101.689358473 0.499908986 84 
1586959101.970261335 0.280902874 84 
1586959101.994338274 0.024076860 72 
1586959102.189511776 0.195173484 84 
1586959102.689335823 0.499824013 84 
1586959102.699353456 0.010017706 72 
1586959102.970533848 0.271180401 84 
1586959103.189439535 0.218905763 84 
1586959103.689458609 0.500018993 84 
1586959103.970275164 0.280816402 84 
1586959104.188623190 0.218348181 84 
1586959104.495401382 0.306778150 72 
1586959104.689230680 0.193829298 84 
1586959104.969904423 0.280673849 84 
1586959105.189553261 0.219648627 84 
1586959105.206320524 0.016767357 72 
1586959105.689412594 0.483092156 84 
1586959105.969848871 0.280436095 84 
1586959106.189379454 0.219530786 84 
1586959106.689493418 0.500113804 84 
1586959106.969536304 0.280042938 84 
1586959106.997317314 0.027781119 72 
1586959107.189624310 0.192306846 84 
1586959107.689563513 0.499939206 84 
1586959107.712372303 0.022808878 72 
1586959107.970562458 0.258190015 84 
1586959108.189124346 0.218561947 84 
1586959108.688861370 0.499737111 84 
1586959108.970287323 0.281425971 84 
1586959109.189511776 0.219224294 84 
1586959109.499493122 0.309981484 72 
1586959109.689497232 0.190004043 84 
1586959109.970029116 0.280531906 84 
1586959110.189544678 0.219515656 84 
1586959110.212424517 0.022879713 72 
1586959110.689412594 0.476988132 84 
1586959110.970347643 0.280934973 84 
1586959111.189371109 0.219023424 84 
1586959111.689427376 0.500056296 84 
1586959111.970309973 0.280882620 84 
1586959112.003298521 0.032988627 72 
1586959112.189507961 0.186209313 84 
1586959112.689395189 0.499887425 84 
1586959112.719362020 0.029966802 72 
1586959112.970263243 0.250901256 84 
1586959113.189372063 0.219108724 84 
1586959113.689425468 0.500053494 84 
1586959113.970298052 0.280872405 84 
1586959114.189485073 0.219187203 84 
1586959114.506345987 0.316860709 72 
1586959114.689493656 0.183147764 84 
1586959114.969885349 0.280391802 84 
1586959115.189060450 0.219174996 84 
1586959115.221371412 0.032311029 72 
1586959115.689676285 0.468304787 84 
1586959115.970318794 0.280642596 84 
1586959116.189404011 0.219085218 84 
1586959116.689369202 0.499965172 84 
1586959116.970286369 0.280917119 84 
1586959117.013317585 0.043031138 72 
1586959117.188954830 0.175637413 84 
1586959117.689414263 0.500459391 84 
1586959117.726386309 0.036972114 72 
1586959117.970275402 0.243889086 84 
1586959118.188821316 0.218545718 84 
1586959118.689464808 0.500643700 84 
1586959118.970290184 0.280825335 84 
1586959119.188768625 0.218478401 84 
1586959119.514331341 0.325562735 72 
1586959119.689379215 0.175047926 84 
1586959119.969855547 0.280476260 84 
1586959120.189447403 0.219591880 84 
1586959120.227330685 0.037883320 72 
1586959120.689408541 0.462077870 84 
1586959120.970278263 0.280869620 84 
1586959121.189697981 0.219419781 84 
1586959121.689470291 0.499772281 84 
1586959121.970266581 0.280796319 84 
1586959122.015361547 0.045094865 72 
1586959122.189438581 0.174077168 84 
1586959122.689506531 0.500067839 84 
1586959122.728362799 0.038856250 72 
1586959122.970282316 0.241919451 84 
1586959123.189512014 0.219229872 84 
1586959123.689482212 0.499970064 84 
1586959123.970345974 0.280863795 84 
1586959124.189485550 0.219139516 84 
1586959124.518369436 0.328884033 72 
1586959124.689414501 0.171045055 84 
1586959124.969914198 0.280499560 84 
1586959125.189394474 0.219480320 84 
1586959125.233420372 0.044025823 72 
1586959125.688808680 0.455388439 84 
1586959125.970309973 0.281501178 84 
1586959126.189470053 0.219160226 84 
1586959126.689477921 0.500007753 84 
1586959126.970381737 0.280903885 84 
1586959127.019323587 0.048941959 72 
1586959127.188810349 0.169486755 84 
1586959127.689479589 0.500669103 84 
1586959127.734371185 0.044891506 72 
1586959127.970283270 0.235912156 84 
1586959128.188794613 0.218511394 84 
1586959128.689268827 0.500474254 84 
1586959128.970298290 0.281029352 84 
1586959129.189610004 0.219311862 84 
1586959129.521371365 0.331761320 72 
1586959129.689602137 0.168230664 84 
1586959129.969901562 0.280299425 84 
1586959130.189473867 0.219572476 84 
1586959130.236389399 0.046915479 72 
1586959130.688791275 0.452401750 84 
1586959130.970382452 0.281591294 84 
1586959131.189204693 0.218822248 84 
1586959131.689269066 0.500064216 84 
1586959131.970305443 0.281036583 84 
1586959132.023356199 0.053050707 72 
1586959132.189430714 0.166074358 84 
1586959132.689589500 0.500158947 84 
1586959132.738464832 0.048875224 72 
1586959132.970366478 0.231901693 84 
1586959133.189851761 0.219485194 84 
1586959133.689387560 0.499535829 84 
1586959133.970299006 0.280911605 84 
1586959134.188999891 0.218700825 84 
1586959134.533341646 0.344341653 72 
1586959134.688860416 0.155518784 84 
1586959134.969895601 0.281035135 84 
1586959135.189516068 0.219620539 84 
1586959135.242363453 0.052847528 72 
1586959135.689450502 0.447086823 84 
1586959135.970293283 0.280842962 84 
1586959136.189476252 0.219182833 84 
1586959136.689500809 0.500024748 84 
1586959136.970312357 0.280811479 84 
1586959137.036355972 0.066043530 72 
1586959137.189651251 0.153295198 84 
1586959137.689482927 0.499831783 84 
1586959137.743401527 0.053918510 72 
1586959137.970163584 0.226762096 84 
1586959138.189406157 0.219242684 84 
1586959138.689023018 0.499616790 84 
1586959138.969615698 0.280592738 84 
1586959139.189664125 0.220048439 84 
1586959139.539376020 0.349711863 72 
1586959139.689411640 0.150035541 84 
1586959139.969900370 0.280488729 84 
1586959140.189462662 0.219562322 84 
1586959140.244353056 0.054890483 72 
1586959140.689399958 0.445046940 84 
1586959140.970308781 0.280908708 84 
1586959141.189423084 0.219114229 84 
1586959141.689461231 0.500038214 84 
1586959141.970307589 0.280846321 84 
1586959142.040365458 0.070058023 72 
1586959142.188905954 0.148540390 84 
1586959142.689355135 0.500449090 84 
1586959142.750403643 0.061048532 72 
1586959142.970404387 0.220000842 84 
1586959143.189454556 0.219050057 84 
1586959143.689525366 0.500070945 84 
1586959143.970293045 0.280767661 84 
1586959144.189442873 0.219149860 84 
1586959144.542357683 0.352914762 72 
1586959144.689410210 0.147052631 84 
1586959144.969923973 0.280513648 84 
1586959145.189484358 0.219560498 84 
1586959145.252415657 0.062931207 72 
1586959145.689457655 0.437041983 84 
1586959145.970316172 0.280858446 84 
1586959146.189465284 0.219149191 84 
1586959146.689573765 0.500108475 84 
1586959146.970335245 0.280761529 84 
1586959147.044330120 0.073994776 72 
1586959147.189414024 0.145083871 84 
1586959147.689473391 0.500059565 84 
1586959147.753370762 0.063897340 72 
1586959147.970316410 0.216945603 84 
1586959148.189554930 0.219238516 84 
1586959148.689440012 0.499885002 84 
1586959148.970391512 0.280951623 84 
1586959149.189577341 0.219185863 84 
1586959149.551351309 0.361773817 72 
1586959149.689448118 0.138096819 84 
1586959149.969856262 0.280408218 84 
1586959150.189498425 0.219642097 84 
1586959150.254765749 0.065267325 72 
1586959150.689403296 0.434637511 84 
1586959150.970325232 0.280922083 84 
1586959151.189285040 0.218959617 84 
1586959151.689426899 0.500141853 84 
1586959151.970323086 0.280896378 84 
1586959152.055336714 0.085013504 72 
1586959152.189636946 0.134300175 84 
1586959152.689529657 0.499892795 84 
1586959152.758473635 0.068943925 72 
1586959152.970327616 0.211853940 84 
1586959153.189559937 0.219232361 84 
1586959153.689420700 0.499860736 84 
1586959153.970335722 0.280915228 84 
1586959154.189447641 0.219111692 84 
1586959154.558362484 0.368914845 72 
1586959154.688719034 0.130356711 84 
1586959154.969882011 0.281162908 84 
1586959155.189522982 0.219640922 84 
1586959155.259611368 0.070088457 72 
1586959155.689379454 0.429767967 84 
1586959155.970483541 0.281104227 84 
1586959156.189464569 0.218981052 84 
1586959156.689298868 0.499834267 84 
1586959156.970307112 0.281008199 84 
1586959157.064376354 0.094069370 72 
1586959157.189500809 0.125124441 84 
1586959157.689392567 0.499891666 84 
1586959157.760426760 0.071034307 72 
1586959157.970326185 0.209899292 84 
1586959158.189466953 0.219140801 84 
1586959158.689400434 0.499933489 84 
1586959158.970329046 0.280928660 84 
1586959159.189440250 0.219111117 84 
1586959159.573379517 0.383939373 72 
1586959159.689246416 0.115866773 84 
1586959159.969527483 0.280281039 84 
1586959160.189498425 0.219970945 84 
1586959160.265446424 0.075948009 72 
1586959160.689636946 0.424190651 84 
1586959160.970314741 0.280677697 84 
1586959161.188739300 0.218424539 84 
1586959161.689434052 0.500694830 84 
1586959161.970354557 0.280920542 84 
1586959162.086389780 0.116035276 72 
1586959162.189615488 0.103225704 84 
1586959162.689451933 0.499836344 84 
1586959162.766407013 0.076955184 72 
1586959162.970338821 0.203931803 84 
1586959163.189459085 0.219120098 84 
1586959163.689416409 0.499957356 84 
1586959163.970304489 0.280888100 84 
1586959164.189472675 0.219168078 84 
1586959164.592399359 0.402926886 72 
1586959164.689481974 0.097082631 84 
1586959164.969526529 0.280044437 84 
1586959165.189490795 0.219964262 84 
1586959165.268635988 0.079145265 72 
1586959165.689584494 0.420948453 84 
1586959165.970333576 0.280749172 84 
1586959166.189203978 0.218870220 84 
1586959166.689465523 0.500261640 84 
1586959166.970361710 0.280896096 84 
1586959167.096361399 0.125999764 72 
1586959167.189604044 0.093242753 84 
1586959167.689407825 0.499803660 84 
1586959167.771446705 0.082038980 72 
1586959167.970312595 0.198865707 84 
1586959168.188987494 0.218674905 84 
1586959168.689485550 0.500498037 84 
1586959168.970361471 0.280875964 84 
1586959169.189384699 0.219023327 84 
1586959169.597373962 0.407989120 72 
1586959169.689717770 0.092343855 84 
1586959169.969856977 0.280139183 84 
1586959170.189448357 0.219591425 84 
1586959170.278381109 0.088932685 72 
1586959170.689410925 0.411029949 84 
1586959170.970308542 0.280897617 84 
1586959171.189484835 0.219176210 84 
1586959171.689424992 0.499940162 84 
1586959171.970403671 0.280978727 84 
1586959172.097364664 0.126960917 72 
1586959172.189567566 0.092203032 84 
1586959172.689489603 0.499921950 84 
1586959172.782400131 0.092910497 72 
1586959172.970314741 0.187914747 84 
1586959173.189625263 0.219310351 84 
1586959173.689496040 0.499870983 84 
1586959173.970320940 0.280824832 84 
1586959174.189680338 0.219359427 84 
1586959174.600396156 0.410715652 72 
1586959174.689419746 0.089023701 84 
1586959174.969852209 0.280432369 84 
1586959175.189486742 0.219634685 84 
1586959175.284388542 0.094901635 72 
1586959175.689500809 0.405112398 84 
1586959175.970319033 0.280818182 84 
1586959176.189539194 0.219220109 84 
1586959176.689554453 0.500015412 84 
1586959176.970346928 0.280792430 84 
1586959177.101380587 0.131033510 72 
1586959177.189704180 0.088323794 84 
1586959177.689383984 0.499679630 84 
1586959177.790414333 0.101030337 72 
1586959177.970323563 0.179909216 84 
1586959178.189486742 0.219163363 84 
1586959178.689431906 0.499944977 84 
1586959178.970346451 0.280914753 84 
1586959179.189430952 0.219084521 84 
1586959179.603372335 0.413941268 72 
1586959179.689441442 0.086069224 84 
1586959179.969787598 0.280346049 84 
1586959180.189472675 0.219684964 84 
1586959180.291408777 0.101936291 72 
1586959180.688938379 0.397529406 84 
1586959180.970538855 0.281600521 84 
1586959181.189667463 0.219128584 84 
1586959181.689581633 0.499914177 84 
1586959181.970458269 0.280876663 84 
1586959182.104543924 0.134085715 72 
1586959182.189576149 0.085032302 84 
1586959182.689605713 0.500029424 84 
1586959182.794396639 0.104791066 72 
1586959182.970319510 0.175922709 84 
1586959183.189799547 0.219480137 84 
1586959183.689521313 0.499721626 84 
1586959183.970366240 0.280845151 84 
1586959184.189528227 0.219161984 84 
1586959184.612402678 0.422874248 72 
1586959184.689479113 0.077076619 84 
1586959184.969823837 0.280344543 84 
1586959185.188948393 0.219124620 84 
1586959185.303419590 0.114471153 72 
1586959185.689417362 0.385997735 84 
1586959185.970357895 0.280940767 84 
1586959186.189478159 0.219120105 84 
1586959186.688891649 0.499413626 84 
1586959186.970360041 0.281468222 84 
1586959187.115494728 0.145134813 72 
1586959187.188706636 0.073211810 84 
1586959187.689489365 0.500782685 84 
1586959187.802414417 0.112925224 72 
1586959187.970417500 0.168002982 84 
1586959188.189453602 0.219036170 84 
1586959188.688814640 0.499361065 84 
1586959188.970389128 0.281574453 84 
1586959189.189450979 0.219061792 84 
1586959189.624380827 0.434929763 72 
1586959189.689503193 0.065122530 84 
1586959189.969806671 0.280303423 84 
1586959190.189459324 0.219652700 84 
1586959190.305416822 0.115957518 72 
1586959190.689589262 0.384172453 84 
1586959190.970325708 0.280736388 84 
1586959191.189463139 0.219137380 84 
1586959191.689416885 0.499953801 84 
1586959191.970354795 0.280937868 84 
1586959192.130374670 0.160019972 72 
1586959192.189559221 0.059184406 84 
1586959192.689468384 0.499909108 84 
1586959192.806507826 0.117039486 72 
1586959192.970373154 0.163865309 84 
1586959193.189872742 0.219499652 84 
1586959193.689436436 0.499563684 84 
1586959193.970341206 0.280904885 84 
1586959194.189432621 0.219091243 84 
1586959194.638380527 0.448948052 72 
1586959194.689481497 0.051100909 84 
1586959194.969803333 0.280321902 84 
1586959195.189485073 0.219681660 84 
1586959195.310405493 0.120920468 72 
1586959195.689476013 0.379070387 84 
1586959195.970402002 0.280926170 84 
1586959196.189507484 0.219105435 84 
1586959196.689526081 0.500018493 84 
1586959196.970368862 0.280842968 84 
1586959197.139636517 0.169267540 72 
1586959197.189524889 0.049888367 84 
1586959197.689118862 0.499593876 84 
1586959197.812427282 0.123308426 72 
1586959197.970321178 0.157894053 84 
1586959198.189446926 0.219125763 84 
1586959198.689502001 0.500055043 84 
1586959198.970342398 0.280840299 84 
1586959199.189549446 0.219207142 84 
1586959199.645429611 0.455880122 72 
1586959199.689434528 0.044004851 84 
1586959199.969796419 0.280362012 84 
1586959200.189470768 0.219674252 84 
1586959200.317487717 0.128017025 72 
1586959200.689473867 0.371986141 84 
1586959200.970119953 0.280646020 84 
1586959201.189560413 0.219440584 84 
1586959201.689514399 0.499953873 84 
1586959201.970445633 0.280931153 84 
1586959202.147409201 0.176963753 72 
1586959202.189559221 0.042149904 84 
1586959202.689494371 0.499935286 84 
1586959202.819411039 0.129916588 72 
1586959202.970177174 0.150766078 84 
1586959203.189838886 0.219661785 84 
1586959203.689506054 0.499667185 84 
1586959203.970405102 0.280899094 84 
1586959204.189434290 0.219029105 84 
1586959204.650383949 0.460949712 72 
1586959204.689529896 0.039145902 84 
1586959204.969804525 0.280274634 84 
1586959205.189661980 0.219857401 84 
1586959205.320403814 0.130741753 72 
1586959205.689450741 0.369047001 84 
1586959205.970368385 0.280917714 84 
1586959206.189409018 0.219040705 84 
1586959206.689455509 0.500046328 84 
1586959206.970484495 0.281029133 84 
1586959207.151383400 0.180898766 72 
1586959207.189475298 0.038091960 84 
1586959207.689439535 0.499964222 84 
1586959207.824411869 0.134972286 72 
1586959207.969594240 0.145182378 84 
1586959208.189488888 0.219894627 84 
1586959208.689421654 0.499932779 84 
1586959208.970439672 0.281018033 84 
1586959209.189457893 0.219018253 84 
1586959209.652476072 0.463018130 72 
1586959209.689572811 0.037096873 84 
1586959209.969818115 0.280245143 84 
1586959210.189428091 0.219610091 84 
1586959210.325499773 0.136071694 72 
1586959210.689454794 0.363955085 84 
1586959210.970391273 0.280936300 84 
1586959211.188963175 0.218571899 84 
1586959211.689590454 0.500627313 84 
1586959211.970350504 0.280759989 84 
1586959212.156507969 0.186157602 72 
1586959212.188825607 0.032317527 84 
1586959212.689442873 0.500617436 84 
1586959212.827720642 0.138277669 72 
1586959212.970430374 0.142709663 84 
1586959213.189478874 0.219048684 84 
1586959213.689491034 0.500012166 84 
1586959213.970371246 0.280880173 84 
1586959214.189513683 0.219142483 84 
1586959214.674402952 0.484889084 72 
1586959214.689491272 0.015088471 84 
1586959214.969794750 0.280303391 84 
1586959215.189487934 0.219693306 84 
1586959215.337404728 0.147916636 72 
1586959215.689534187 0.352129472 84 
1586959215.970395327 0.280861055 84 
1586959216.189113140 0.218717903 84 
1586959216.689450502 0.500337328 84 
1586959216.970467091 0.281016633 84 
1586959217.177384138 0.206916991 72 
1586959217.189648390 0.012264394 84 
1586959217.689537764 0.499889391 84 
1586959217.838530779 0.148992856 72 
1586959217.969864845 0.131334182 84 
1586959218.189497471 0.219632578 84 
1586959218.689488173 0.499990630 84 
1586959218.970374584 0.280886370 84 
1586959219.189583302 0.219208726 84 
1586959219.678408623 0.488825363 72 
1586959219.689347744 0.010939245 84 
1586959219.969681978 0.280334155 84 
1586959220.189665794 0.219983859 84 
1586959220.339406490 0.149740684 72 
1586959220.689473867 0.350067296 84 
1586959220.970390797 0.280917075 84 
1586959221.189526796 0.219135809 84 
1586959221.689491749 0.499965029 84 
1586959221.970440865 0.280949165 84 
1586959222.181396008 0.210955046 72 
1586959222.189478636 0.008082699 84 
1586959222.689498663 0.500020089 84 
1586959222.844448090 0.154949473 72 
1586959222.970293283 0.125845120 84 
1586959223.189259529 0.218966297 84 
1586959223.689469576 0.500209953 84 
1586959223.970369339 0.280899681 84 
1586959224.188851118 0.218481924 84 
1586959224.684408665 0.495557615 72 
1586959224.689489603 0.005080872 84 
1586959224.969696760 0.280207062 84 
1586959225.189540386 0.219843590 84 
1586959225.346436024 0.156895675 72 
1586959225.689467907 0.343031990 84 
1586959225.970386505 0.280918623 84 
1586959226.189450502 0.219063801 84 
1586959226.689469814 0.500019545 84 
1586959226.970392704 0.280922755 84 
1586959227.186390638 0.215997856 72 
1586959227.189700127 0.003309560 84 
1586959227.689025640 0.499325444 84 
1586959227.861510515 0.172484935 72 
1586959227.970258236 0.108747782 84 
1586959228.189468384 0.219210189 84 
1586959228.689481497 0.500013080 84 
1586959228.970375538 0.280893904 84 
1586959229.189492464 0.219117063 84 
1586959229.689470530 0.499977921 84 
1586959229.693516970 0.004046623 72 
1586959229.969708681 0.276191725 84 
1586959230.189472914 0.219764143 84 
1586959230.362410784 0.172937869 72 
1586959230.689466715 0.327055938 84 
1586959230.970421314 0.280954657 84 
1586959231.189485550 0.219064139 84 
1586959231.689784288 0.500298714 84 
1586959231.969883204 0.280099092 84 
1586959232.188996553 0.219113115 84 
1586959232.194406509 0.005410021 72 
1586959232.689464092 0.495057578 84 
1586959232.864423990 0.174959980 72 
1586959232.969589233 0.105165314 84 
1586959233.189618587 0.220029315 84 
1586959233.689364433 0.499745708 84 
1586959233.970374346 0.281010103 84 
1586959234.189454794 0.219080380 84 
1586959234.689450979 0.499996122 84 
1586959234.695396662 0.005945694 72 
1586959234.969804764 0.274408046 84 
1586959235.189684868 0.219880073 84 
1586959235.367410183 0.177725480 72 
1586959235.689517975 0.322107724 84 
1586959235.970411777 0.280893786 84 
1586959236.189531803 0.219120098 84 
1586959236.689569712 0.500037793 84 
1586959236.970370770 0.280801023 84 
1586959237.189460993 0.219090249 84 
1586959237.196496010 0.007034991 72 
1586959237.689528465 0.493032465 84 
1586959237.873413563 0.183885216 72 
1586959237.969747305 0.096333818 84 
1586959238.189550877 0.219803363 84 
1586959238.689553261 0.500002456 84 
1586959238.970411539 0.280858310 84 
1586959239.189518690 0.219107094 84 
1586959239.689473152 0.499954435 84 
1586959239.701446533 0.011973485 72 
1586959239.969793797 0.268347166 84 
1586959240.189548254 0.219754598 84 
1586959240.375464439 0.185916080 72 
1586959240.689580202 0.314115736 84 
1586959240.970378637 0.280798400 84 
1586959241.189540625 0.219162008 84 
1586959241.689198256 0.499657672 84 
1586959241.970375538 0.281177242 84 
1586959242.189534664 0.219159138 84 
1586959242.202403069 0.012868485 72 
1586959242.689517021 0.487113886 84 
1586959242.878417969 0.188901011 72 
1586959242.969717741 0.091299829 84 
1586959243.189490318 0.219772479 84 
1586959243.689448357 0.499958177 84 
1586959243.970406771 0.280958403 84 
1586959244.189389467 0.218982675 84 
1586959244.689452410 0.500062808 84 
1586959244.704408169 0.014955788 72 
1586959244.969759941 0.265351768 84 
1586959245.189448595 0.219688682 84 
1586959245.380523920 0.191075323 72 
1586959245.689267159 0.308743178 84 
1586959245.970391035 0.281123895 84 
1586959246.189459801 0.219068811 84 
1586959246.689714909 0.500255144 84 
1586959246.970406771 0.280691828 84 
1586959247.189534187 0.219127468 84 
1586959247.205423594 0.015889255 72 
1586959247.689625978 0.484202479 84 
1586959247.885474205 0.195848296 72 
1586959247.969936132 0.084461833 84 
1586959248.189821243 0.219885194 84 
1586959248.689636230 0.499814957 84 
1586959248.970397711 0.280761533 84 
1586959249.189333439 0.218935583 84 
1586959249.689503908 0.500170636 84 
1586959249.707426548 0.017922575 72 
1586959249.969770908 0.262344383 84 
1586959250.189452648 0.219681713 84 
1586959250.391487837 0.202035237 72 
1586959250.689116716 0.297628785 84 
1586959250.970469952 0.281353376 84 
1586959251.189132929 0.218662913 84 
1586959251.689523220 0.500390281 84 
1586959251.970431805 0.280908545 84 
1586959252.189692259 0.219260371 84 
1586959252.210398436 0.020706326 72 
1586959252.689556599 0.479158208 84 
1586959252.896439552 0.206882739 72 
1586959252.969623566 0.073184083 84 
1586959253.189537764 0.219914290 84 
1586959253.689531803 0.499993908 84 
1586959253.970535040 0.281003333 84 
1586959254.189237356 0.218702223 84 
1586959254.688903093 0.499665733 84 
1586959254.714436531 0.025533585 72 
1586959254.969784021 0.255347527 84 
1586959255.189614534 0.219830308 84 
1586959255.397527218 0.207912686 72 
1586959255.689525604 0.291998521 84 
1586959255.970427752 0.280902133 84 
1586959256.189555645 0.219127842 84 
1586959256.689599037 0.500043329 84 
1586959256.970415354 0.280816430 84 
1586959257.189578295 0.219162876 84 
1586959257.220467091 0.030888752 72 
1586959257.688957453 0.468490375 84 
1586959257.899472237 0.210514813 72 
1586959257.970476627 0.071004320 84 
1586959258.189125776 0.218649221 84 
1586959258.688970327 0.499844512 84 
1586959258.970415592 0.281445451 84 
1586959259.189603567 0.219187777 84 
1586959259.689515352 0.499911920 84 
1586959259.722466946 0.032951582 72 
1586959259.969779253 0.247312332 84 
1586959260.189682722 0.219903366 84 
1586959260.401478767 0.211796063 72 
1586959260.689574718 0.288095983 84 
1586959260.970395565 0.280820947 84 
1586959261.189002752 0.218607032 84 
1586959261.689561129 0.500558529 84 
1586959261.970395088 0.280833825 84 
1586959262.188851595 0.218456471 84 
1586959262.225444317 0.036592787 72 
1586959262.689301252 0.463856990 84 
1586959262.904462576 0.215161213 72 
1586959262.969710827 0.065248268 84 
1586959263.189650536 0.219939717 84 
1586959263.689516544 0.499866023 84 
1586959263.970037937 0.280521310 84 
1586959264.189531088 0.219493210 84 
1586959264.689519167 0.499988116 84 
1586959264.732590199 0.043071059 72 
1586959264.969914198 0.237323939 84 
1586959265.189600945 0.219686876 84 
1586959265.406456232 0.216855155 72 
1586959265.689790249 0.283334112 84 
1586959265.970403194 0.280612942 84 
1586959266.189478636 0.219075302 84 
1586959266.689512730 0.500034265 84 
1586959266.970430136 0.280917333 84 
1586959267.189705610 0.219275457 84 
1586959267.233400106 0.043694489 72 
1586959267.689519882 0.456119837 84 
1586959267.909483194 0.219963185 72 
1586959267.970216036 0.060732930 84 
1586959268.189591885 0.219375934 84 
1586959268.689529657 0.499937564 84 
1586959268.970447302 0.280917744 84 
1586959269.189523935 0.219076565 84 
1586959269.689111710 0.499587909 84 
1586959269.734447718 0.045335974 72 
1586959269.969790459 0.235342809 84 
1586959270.189300537 0.219510035 84 
1586959270.411693096 0.222392562 72 
1586959270.689471483 0.277778420 84 
1586959270.970408201 0.280936636 84 
1586959271.189612865 0.219204632 84 
1586959271.689508677 0.499895907 84 
1586959271.970430851 0.280922055 84 
1586959272.189495087 0.219064270 84 
1586959272.236470222 0.046975055 72 
1586959272.689819098 0.453349006 84 
1586959272.913840294 0.224021117 72 
1586959272.970271349 0.056431106 84 
1586959273.189660549 0.219389303 84 
1586959273.689554453 0.499893906 84 
1586959273.970428467 0.280874006 84 
1586959274.189507484 0.219078964 84 
1586959274.689643383 0.500135911 84 
1586959274.741416454 0.051773133 72 
1586959274.969820499 0.228403929 84 
1586959275.188939810 0.219119414 84 
1586959275.414456606 0.225516629 72 
1586959275.689127922 0.274671430 84 
1586959275.970418453 0.281290494 84 
1586959276.189448595 0.219030122 84 
1586959276.689595461 0.500146870 84 
1586959276.970406532 0.280810991 84 
1586959277.190130234 0.219723880 84 
1586959277.249494076 0.059363715 72 
1586959277.689632177 0.440138229 84 
1586959277.917470217 0.227838002 72 
1586959277.970288038 0.052817811 84 
1586959278.189270258 0.218982136 84 
1586959278.688965797 0.499695672 84 
1586959278.970389605 0.281423613 84 
1586959279.189625025 0.219235520 84 
1586959279.688763380 0.499138306 84 
1586959279.748873234 0.060109927 72 
1586959279.970134020 0.221260867 84 
1586959280.189469814 0.219335780 84 
1586959280.418446541 0.228976602 72 
1586959280.688960791 0.270514207 84 
1586959280.970463514 0.281502755 84 
1586959281.189594507 0.219130947 84 
1586959281.689571142 0.499976804 84 
1586959281.970441580 0.280870446 84 
1586959282.189624310 0.219182757 84 
1586959282.250494003 0.060869545 72 
1586959282.689069033 0.438575181 84 
1586959282.920459509 0.231390329 72 
1586959282.970265627 0.049806259 84 
1586959283.189336300 0.219070613 84 
1586959283.688675642 0.499339241 84 
1586959283.970491171 0.281815658 84 
1586959284.189538956 0.219047702 84 
1586959284.689522743 0.499983796 84 
1586959284.759447098 0.069924436 72 
1586959284.969745398 0.210298274 84 
1586959285.189553738 0.219808396 84 
1586959285.427458525 0.237904732 72 
1586959285.689242125 0.261783593 84 
1586959285.970421076 0.281178887 84 
1586959286.189529419 0.219108282 84 
1586959286.689585686 0.500056373 84 
1586959286.970429897 0.280844212 84 
1586959287.188942671 0.218512810 84 
1586959287.263423443 0.074480694 72 
1586959287.689136505 0.425713029 84 
1586959287.928672552 0.239536176 72 
1586959287.969834566 0.041161826 84 
1586959288.189426899 0.219592435 84 
1586959288.688868761 0.499441868 84 
1586959288.970463753 0.281594970 84 
1586959289.189593077 0.219129260 84 
1586959289.689482927 0.499889915 84 
1586959289.766455650 0.076972745 72 
1586959289.969783068 0.203327415 84 
1586959290.189526320 0.219743180 84 
1586959290.431440830 0.241914571 72 
1586959290.689506054 0.258065177 84 
1586959290.970492363 0.280986425 84 
1586959291.189654589 0.219162241 84 
1586959291.689530134 0.499875533 84 
1586959291.970416307 0.280886101 84 
1586959292.189644098 0.219227814 84 
1586959292.278572559 0.088928468 72 
1586959292.689513922 0.410941339 84 
1586959292.936470747 0.246956897 72 
1586959292.970196724 0.033725949 84 
1586959293.189985752 0.219789008 84 
1586959293.689477205 0.499491540 84 
1586959293.970455647 0.280978236 84 
1586959294.189556122 0.219100590 84 
1586959294.689568996 0.500012754 84 
1586959294.779447079 0.089878275 72 
1586959294.969731569 0.190284427 84 
1586959295.189702034 0.219970471 84 
1586959295.446455956 0.256753970 72 
1586959295.689509630 0.243053645 84 
1586959295.970507383 0.280997680 84 
1586959296.189553261 0.219045905 84 
1586959296.689553261 0.500000055 84 
1586959296.970436096 0.280882793 84 
1586959297.189955473 0.219519386 84 
1586959297.284485340 0.094529828 72 
1586959297.689522266 0.405037032 84 
1586959297.948519468 0.258997078 72 
1586959297.970184326 0.021664807 84 
1586959298.189551592 0.219367340 84 
1586959298.689526558 0.499974988 84 
1586959298.970447540 0.280920980 84 
1586959299.189542294 0.219094689 84 
1586959299.689598322 0.500056154 84 
1586959299.789482117 0.099883787 72 
1586959299.969710350 0.180228102 84 
1586959300.189552546 0.219842255 84 
1586959300.457478046 0.267925540 72 
1586959300.689185381 0.231707353 84 
1586959300.970448256 0.281262737 84 
1586959301.189787865 0.219339737 84 
1586959301.689512014 0.499723989 84 
1586959301.970486879 0.280975054 84 
1586959302.188963652 0.218476700 84 
1586959302.292495728 0.103532029 72 
1586959302.689532042 0.397036346 84 
1586959302.961646557 0.272114585 72 
1586959302.970224142 0.008577531 84 
1586959303.189620495 0.219396280 84 
1586959303.689566612 0.499946151 84 
1586959303.970481396 0.280914762 84 
1586959304.188946247 0.218464915 84 
1586959304.689111710 0.500165441 84 
1586959304.794514418 0.105402729 72 
1586959304.969763279 0.175248887 84 
1586959305.189726830 0.219963476 84 
1586959305.468513489 0.278786719 72 
1586959305.689535379 0.221021922 84 
1586959305.970429182 0.280893771 84 
1586959306.189558983 0.219129731 84 
1586959306.689560413 0.500001370 84 
1586959306.970494986 0.280934595 84 
1586959307.189701557 0.219206681 84 
1586959307.299504757 0.109803120 72 
1586959307.689514160 0.390009407 84 
1586959307.970211506 0.280697429 84 
1586959307.979662180 0.009450731 72 
1586959308.189522028 0.209859736 84 
1586959308.689552307 0.500030354 84 
1586959308.970430851 0.280878479 84 
1586959309.189729452 0.219298509 84 
1586959309.689855814 0.500126469 84 
1586959309.811545849 0.121690088 72 
1586959309.969734192 0.158188379 84 
1586959310.189576864 0.219842541 84 
1586959310.482512474 0.292935691 72 
1586959310.689564705 0.207052266 84 
1586959310.970510244 0.280945456 84 
1586959311.189604044 0.219093817 84 
1586959311.689638376 0.500034259 84 
1586959311.970472813 0.280834605 84 
1586959312.189540148 0.219067293 84 
1586959312.317476034 0.127935860 72 
1586959312.689515352 0.372039295 84 
1586959312.970186710 0.280671426 84 
1586959312.986501694 0.016314835 72 
1586959313.189802170 0.203300638 84 
1586959313.688754320 0.498951990 84 
1586959313.970468998 0.281714650 84 
1586959314.189541578 0.219072705 84 
1586959314.689604998 0.500063381 84 
1586959314.829470158 0.139865235 72 
1586959314.969709396 0.140239088 84 
1586959315.189504862 0.219795451 84 
1586959315.490511894 0.301007213 72 
1586959315.689530611 0.199018624 84 
1586959315.970531940 0.281001443 84 
1586959316.189556599 0.219024477 84 
1586959316.689601898 0.500045320 84 
1586959316.970512152 0.280910348 84 
1586959317.189174175 0.218662044 84 
1586959317.331622601 0.142448455 72 
1586959317.689713478 0.358090696 84 
1586959317.970201731 0.280488316 84 
1586959317.992521048 0.022319426 72 
1586959318.189563751 0.197042715 84 
1586959318.689292431 0.499728603 84 
1586959318.970450878 0.281158515 84 
1586959319.189421177 0.218970171 84 
1586959319.688842535 0.499421483 84 
1586959319.835506678 0.146664083 72 
1586959319.969708920 0.134202266 84 
1586959320.189509630 0.219800643 84 
1586959320.494498253 0.304988656 72 
1586959320.689488649 0.194990416 84 
1586959320.970442057 0.280953351 84 
1586959321.189752579 0.219310519 84 
1586959321.689493895 0.499741302 84 
1586959321.969727755 0.280233868 84 
1586959322.189317703 0.219589906 84 
1586959322.340480089 0.151162389 72 
1586959322.688879967 0.348399942 84 
1586959322.970190287 0.281310373 84 
1586959322.995514393 0.025324051 72 
1586959323.189508200 0.193993729 84 
1586959323.689594984 0.500086859 84 
1586959323.970475197 0.280880210 84 
1586959324.189506531 0.219031351 84 
1586959324.689706087 0.500199476 84 
1586959324.846609592 0.156903659 72 
1586959324.969780684 0.123171037 84 
1586959325.189522743 0.219742035 84 
1586959325.501532316 0.312009570 72 
1586959325.689506769 0.187974390 84 
1586959325.969781876 0.280275113 84 
1586959326.189733028 0.219951198 84 
1586959326.689612389 0.499879451 84 
1586959326.970444202 0.280831828 84 
1586959327.189557314 0.219112954 84 
1586959327.347490788 0.157933534 72 
1586959327.689566135 0.342075445 84 
1586959327.970162630 0.280596494 84 
1586959328.003589392 0.033426710 72 
1586959328.189542055 0.185952629 84 
1586959328.689615965 0.500074009 84 
1586959328.970479727 0.280863661 84 
1586959329.189837217 0.219357619 84 
1586959329.689491510 0.499654147 84 
1586959329.852462292 0.162970719 72 
1586959329.969682455 0.117220313 84 
1586959330.189514160 0.219831586 84 
1586959330.504491091 0.314977076 72 
1586959330.689529896 0.185038674 84 
1586959330.970511675 0.280981929 84 
1586959331.189643860 0.219132006 84 
1586959331.689553499 0.499909701 84 
1586959331.970498085 0.280944652 84 
1586959332.189583540 0.219085338 84 
1586959332.360471964 0.170888594 72 
1586959332.689568996 0.329096957 84 
1586959332.969920397 0.280351340 84 
1586959333.011536121 0.041615690 72 
1586959333.189505816 0.177969807 84 
1586959333.689569473 0.500063676 84 
1586959333.970486641 0.280917115 84 
1586959334.189972401 0.219485841 84 
1586959334.689579964 0.499607492 84 
1586959334.861582041 0.172001984 72 
1586959334.969853878 0.108271878 84 
1586959335.189521551 0.219667701 84 
1586959335.511525631 0.322004006 72 
1586959335.689490080 0.177964416 84 
1586959335.970470190 0.280980309 84 
1586959336.189567089 0.219096860 84 
1586959336.689587593 0.500020376 84 
1586959336.970483303 0.280895734 84 
1586959337.189721107 0.219237930 84 
1586959337.363505840 0.173784773 72 
1586959337.689694405 0.326188556 84 
1586959337.969985485 0.280290905 84 
1586959338.016491413 0.046506041 72 
1586959338.189750433 0.173259017 84 
1586959338.689543247 0.499792721 84 
1586959338.970453978 0.280910827 84 
1586959339.189095497 0.218641380 84 
1586959339.689523220 0.500427888 84 
1586959339.870490789 0.180967512 72 
1586959339.969669342 0.099178489 84 
1586959340.189571381 0.219902047 84 
1586959340.517497063 0.327925655 72 
1586959340.689067602 0.171570525 84 
1586959340.970493317 0.281425837 84 
1586959341.189751863 0.219258490 84 
1586959341.689569712 0.499817779 84 
1586959341.970496416 0.280926682 84 
1586959342.189714909 0.219218719 84 
1586959342.374502420 0.184787361 72 
1586959342.689549685 0.315047200 84 
1586959342.970184565 0.280634871 84 
1586959343.023523092 0.053338634 72 
1586959343.189599514 0.166076413 84 
1586959343.689297676 0.499698069 84 
1586959343.970557928 0.281260377 84 
1586959344.189517260 0.218959362 84 
1586959344.689775229 0.500257814 84 
1586959344.878539324 0.188764312 72 
1586959344.969660521 0.091121111 84 
1586959345.189588547 0.219927884 84 
1586959345.524487257 0.334898774 72 
1586959345.689600706 0.165113411 84 
1586959345.970487833 0.280887097 84 
1586959346.189556837 0.219069127 84 
1586959346.689562082 0.500005317 84 
1586959346.970489264 0.280927213 84 
1586959347.189618587 0.219129194 84 
1586959347.383627176 0.194008721 72 
1586959347.689036608 0.305409244 84 
1586959347.970095873 0.281059399 84 
1586959348.026505709 0.056409690 72 
1586959348.189578295 0.163072703 84 
1586959348.689366817 0.499788592 84 
1586959348.970470428 0.281103400 84 
1586959349.189654112 0.219183820 84 
1586959349.689631462 0.499977373 84 
1586959349.890482426 0.200850988 72 
1586959349.969699860 0.079217262 84 
1586959350.189515114 0.219815292 84 
1586959350.529473543 0.339958440 72 
1586959350.689583778 0.160110336 84 
1586959350.970555544 0.280971676 84 
1586959351.189560652 0.219005085 84 
1586959351.689590216 0.500029648 84 
1586959351.970481873 0.280891604 84 
1586959352.189471960 0.218990026 84 
1586959352.392493248 0.203021387 72 
1586959352.689574242 0.297080923 84 
1586959352.970156670 0.280582525 84 
1586959353.031518459 0.061361815 72 
1586959353.189102173 0.157583750 84 
1586959353.689604044 0.500501775 84 
1586959353.970697165 0.281093022 84 
1586959354.189546108 0.218848989 84 
1586959354.689660549 0.500114542 84 
1586959354.895566702 0.205906026 72 
1586959354.969664812 0.074098192 84 
1586959355.189554691 0.219889999 84 
1586959355.532498121 0.342943386 72 
1586959355.689563990 0.157065841 84 
1586959355.970502138 0.280938090 84 
1586959356.188971996 0.218469952 84 
1586959356.689730167 0.500758168 84 
1586959356.970486879 0.280756646 84 
1586959357.189620018 0.219133139 84 
1586959357.396494150 0.206874174 72 
1586959357.689627171 0.293132849 84 
1586959357.970127344 0.280500360 84 
1586959358.036501408 0.066374098 72 
1586959358.189634562 0.153132938 84 
1586959358.689664364 0.500030001 84 
1586959358.970510244 0.280845813 84 
1586959359.189568520 0.219058200 84 
1586959359.689556599 0.499988178 84 
1586959359.904519796 0.214963125 72 
1586959359.969726086 0.065206382 84 
1586959360.189563274 0.219837118 84 
1586959360.537546158 0.347982948 72 
1586959360.689554453 0.152008130 84 
1586959360.970472336 0.280917885 84 
1586959361.189563036 0.219090718 84 
1586959361.689575672 0.500012609 84 
1586959361.970518112 0.280942606 84 
1586959362.189723492 0.219205385 84 
1586959362.407506704 0.217783231 72 
1586959362.689649343 0.282142596 84 
1586959362.970117331 0.280467969 84 
1586959363.045508385 0.075390956 72 
1586959363.189575434 0.144067031 84 
1586959363.689799547 0.500224126 84 
1586959363.970503330 0.280703980 84 
1586959364.188881159 0.218377644 84 
1586959364.689321756 0.500440586 84 
1586959364.910526514 0.221204829 72 
1586959364.969635487 0.059109045 84 
1586959365.189675570 0.220040097 84 
1586959365.546494961 0.356819308 72 
1586959365.689697742 0.143202852 84 
1586959365.970493317 0.280795457 84 
1586959366.189050913 0.218557656 84 
1586959366.689647436 0.500596435 84 
1586959366.970504761 0.280857398 84 
1586959367.189832449 0.219327682 84 
1586959367.414514303 0.224681984 72 
1586959367.689742804 0.275228451 84 
1586959367.970169544 0.280426674 84 
1586959368.051504850 0.081335330 72 
1586959368.189666748 0.138161908 84 
1586959368.689540386 0.499873528 84 
1586959368.970495462 0.280955139 84 
1586959369.189545155 0.219049606 84 
1586959369.689622641 0.500077522 84 
1586959369.916490316 0.226867789 72 
1586959369.969597340 0.053107096 84 
1586959370.189609528 0.220012183 84 
1586959370.552524328 0.362914783 72 
1586959370.688914061 0.136389538 84 
1586959370.970511198 0.281597144 84 
1586959371.189543486 0.219032496 84 
1586959371.689573288 0.500029802 84 
1586959371.970567465 0.280994120 84 
1586959372.189590454 0.219022848 84 
1586959372.425546646 0.235956383 72 
1586959372.689566612 0.264019910 84 
1586959372.970136642 0.280570092 84 
1586959373.054534674 0.084398021 72 
1586959373.189664125 0.135129435 84 
1586959373.689433098 0.499768785 84 
1586959373.970485687 0.281052681 84 
1586959374.189538956 0.219053196 84 
1586959374.689578533 0.500039586 84 
1586959374.928543091 0.238964703 72 
1586959374.969690800 0.041147600 84 
1586959375.189651966 0.219961201 84 
1586959375.560592890 0.370940981 72 
1586959375.689570904 0.128977907 84 
1586959375.970477104 0.280906162 84 
1586959376.189599276 0.219122302 84 
1586959376.689814091 0.500214826 84 
1586959376.970511675 0.280697544 84 
1586959377.189598083 0.219086501 84 
1586959377.430497169 0.240899078 72 
1586959377.689582825 0.259085657 84 
1586959377.969995260 0.280412281 84 
1586959378.069544792 0.099549687 72 
1586959378.188924789 0.119379982 84 
1586959378.689650297 0.500725394 84 
1586959378.970523357 0.280872985 84 
1586959379.190239191 0.219715843 84 
1586959379.689607859 0.499368687 84 
1586959379.931502342 0.241894526 72 
1586959379.969618320 0.038116038 84 
1586959380.189574242 0.219955923 84 
1586959380.576515913 0.386941709 72 
1586959380.689507723 0.112991707 84 
1586959380.970564365 0.281056704 84 
1586959381.189991474 0.219427110 84 
1586959381.689634562 0.499643022 84 
1586959381.970571041 0.280936572 84 
1586959382.189566612 0.218995504 84 
1586959382.433582544 0.244015964 72 
1586959382.689577579 0.255994983 84 
1586959382.969646215 0.280068655 84 
1586959383.077548504 0.107902269 72 
1586959383.189789772 0.112241297 84 
1586959383.689605951 0.499816240 84 
1586959383.970499277 0.280893220 84 
1586959384.189353943 0.218854656 84 
1586959384.689563990 0.500210036 84 
1586959384.940548420 0.250984562 72 
1586959384.969709396 0.029160840 84 
1586959385.189651012 0.219941625 84 
1586959385.578572750 0.388921852 72 
1586959385.689558029 0.110985122 84 
1586959385.970525503 0.280967607 84 
1586959386.189037323 0.218511714 84 
1586959386.689649343 0.500612071 84 
1586959386.970058441 0.280409035 84 
1586959387.189643621 0.219585265 84 
1586959387.441524506 0.251880927 72 
1586959387.689530134 0.248005688 84 
1586959387.970123529 0.280593355 84 
1586959388.081581831 0.111458248 72 
1586959388.189599991 0.108018211 84 
1586959388.689520121 0.499920168 84 
1586959388.970223665 0.280703478 84 
1586959389.189774036 0.219550261 84 
1586959389.689630508 0.499856583 84 
1586959389.945520639 0.255890039 72 
1586959389.969638586 0.024118032 84 
1586959390.189661741 0.220023045 84 
1586959390.584566116 0.394904551 72 
1586959390.688816309 0.104250091 84 
1586959390.970511913 0.281695560 84 
1586959391.189637184 0.219125226 84 
1586959391.689683914 0.500046842 84 
1586959391.970583200 0.280899240 84 
1586959392.189619541 0.219036365 84 
1586959392.447603941 0.257984519 72 
1586959392.689621210 0.242017162 84 
1586959392.969976425 0.280355309 84 
1586959393.086565256 0.116588812 72 
1586959393.189563990 0.102998787 84 
1586959393.689578772 0.500014736 84 
1586959393.970551491 0.280972728 84 
1586959394.189655066 0.219103430 84 
1586959394.689166784 0.499511787 84 
1586959394.948519468 0.259352657 72 
1586959394.969636440 0.021117040 84 
1586959395.189578295 0.219941748 84 
1586959395.591544151 0.401965927 72 
1586959395.689603090 0.098058985 84 
1586959395.970608473 0.281005354 84 
1586959396.189652920 0.219044522 84 
1586959396.689702749 0.500049614 84 
1586959396.970513821 0.280811186 84 
1586959397.189574003 0.219060074 84 
1586959397.450600147 0.261026233 72 
1586959397.689077139 0.238477011 84 
1586959397.970188618 0.281111533 84 
1586959398.096526384 0.126337643 72 
1586959398.189619780 0.093093379 84 
1586959398.689555645 0.499936054 84 
1586959398.970608473 0.281052784 84 
1586959399.189190149 0.218581727 84 
1586959399.689608097 0.500417834 84 
1586959399.962618351 0.273010222 72 
1586959399.969632626 0.007014262 84 
1586959400.189632893 0.220000237 84 
1586959400.597586155 0.407953246 72 
1586959400.689615726 0.092029630 84 
1586959400.970539331 0.280923536 84 
1586959401.189789295 0.219250088 84 
1586959401.689624548 0.499835263 84 
1586959401.970524073 0.280899414 84 
1586959402.189603329 0.219079258 84 
1586959402.463541269 0.273937939 72 
1586959402.689544916 0.226003789 84 
1586959402.970155001 0.280610143 84 
1586959403.100536585 0.130381468 72 
1586959403.189826012 0.089289448 84 
1586959403.689298630 0.499472497 84 
1586959403.970566273 0.281267728 84 
1586959404.188924789 0.218358424 84 
1586959404.689646244 0.500721578 84 
1586959404.965520382 0.275874175 72 
1586959404.969715595 0.004195157 84 
1586959405.189482450 0.219766774 84 
1586959405.601535320 0.412052902 72 
1586959405.689615011 0.088079827 84 
1586959405.970527649 0.280912476 84 
1586959406.189777613 0.219249943 84 
1586959406.689657927 0.499880451 84 
1586959406.970562696 0.280904635 84 
1586959407.189624310 0.219061813 84 
1586959407.467619181 0.277994846 72 
1586959407.689564943 0.221945637 84 
1586959407.969664335 0.280099526 84 
1586959408.102621078 0.132956627 72 
1586959408.189550877 0.086929800 84 
1586959408.689032555 0.499481735 84 
1586959408.970527887 0.281495384 84 
1586959409.189699173 0.219171139 84 
1586959409.689767361 0.500068283 84 
1586959409.969579220 0.279811849 72 
1586959409.969590425 0.000011251 84 
1586959410.189576387 0.219985903 84 
1586959410.604543209 0.414966771 72 
1586959410.689528465 0.084985343 84 
1586959410.970530510 0.281002041 84 
1586959411.189832211 0.219301655 84 
1586959411.689507246 0.499675038 84 
1586959411.970574141 0.281066901 84 
1586959412.189616680 0.219042523 84 
1586959412.470526218 0.280909562 72 
1586959412.689618826 0.219092648 84 
1586959412.970104456 0.280485667 84 
1586959413.110544682 0.140440080 72 
1586959413.189801931 0.079257385 84 
1586959413.689829111 0.500027120 84 
1586959413.970548868 0.280719710 84 
1586959414.189304352 0.218755480 84 
1586959414.689677000 0.500372611 84 
1586959414.970589638 0.280912740 84 
1586959414.974507093 0.003917339 72 
1586959415.189818382 0.215311417 84 
1586959415.613593102 0.423774595 72 
1586959415.689563036 0.075969912 84 
1586959415.970586777 0.281023840 84 
1586959416.189428091 0.218841353 84 
1586959416.689186811 0.499758622 84 
1586959416.970536232 0.281349399 84 
1586959417.189615488 0.219079361 84 
1586959417.476580858 0.286965461 72 
1586959417.689650059 0.213069105 84 
1586959417.970118046 0.280467913 84 
1586959418.121562481 0.151444420 72 
1586959418.189630270 0.068067864 84 
1586959418.689552546 0.499922263 84 
1586959418.969917536 0.280364977 84 
1586959419.189845800 0.219928406 84 
1586959419.689235449 0.499389568 84 
1586959419.970170975 0.280935487 84 
1586959419.981528282 0.011357298 72 
1586959420.189703465 0.208175288 84 
1586959420.624595404 0.434891916 72 
1586959420.689594269 0.064998797 84 
1586959420.970560312 0.280966058 84 
1586959421.189308405 0.218748157 84 
1586959421.689592123 0.500283538 84 
1586959421.970553398 0.280961486 84 
1586959422.189698458 0.219144846 84 
1586959422.485543489 0.295845148 72 
1586959422.689568996 0.204025608 84 
1586959422.970103741 0.280534607 84 
1586959423.126557112 0.156453382 72 
1586959423.189589500 0.063032468 84 
1586959423.689594984 0.500005401 84 
1586959423.970612288 0.281017342 84 
1586959424.189619780 0.219007543 84 
1586959424.689579010 0.499959156 84 
1586959424.970551491 0.280972547 84 
1586959424.989646196 0.019094668 72 
1586959425.189656734 0.200010462 84 
1586959425.627580881 0.437924187 72 
1586959425.689026833 0.061446040 84 
1586959425.970623016 0.281596031 84 
1586959426.189634800 0.219011889 84 
1586959426.689782381 0.500147465 84 
1586959426.970576048 0.280793839 84 
1586959427.189731121 0.219155057 84 
1586959427.491551876 0.301820678 72 
1586959427.689574718 0.198022809 84 
1586959427.969867468 0.280292784 84 
1586959428.129567623 0.159700191 72 
1586959428.189638376 0.060070684 84 
1586959428.689588308 0.499950037 84 
1586959428.970591307 0.281002883 84 
1586959429.189836740 0.219245433 84 
1586959429.689807415 0.499970834 84 
1586959429.970596552 0.280788923 84 
1586959429.992561817 0.021965385 72 
1586959430.189588785 0.197026926 84 
1586959430.632550240 0.442961492 72 
1586959430.689641953 0.057091704 84 
1586959430.970573187 0.280931254 84 
1586959431.189843655 0.219270520 84 
1586959431.689648151 0.499804487 84 
1586959431.970567942 0.280919651 84 
1586959432.189615250 0.219047323 84 
1586959432.497544289 0.307929047 72 
1586959432.689749479 0.192205135 84 
1586959432.970104218 0.280354828 84 
1586959433.134557486 0.164453349 72 
1586959433.189658642 0.055101086 84 
1586959433.688923359 0.499264662 84 
1586959433.970582962 0.281659671 84 
1586959434.189810514 0.219227436 84 
1586959434.689812660 0.500002350 84 
1586959434.970582962 0.280770236 84 
1586959435.000557661 0.029974574 72 
1586959435.189655066 0.189097497 84 
1586959435.637567997 0.447913039 72 
1586959435.689576864 0.052008785 84 
1586959435.970602274 0.281025330 84 
1586959436.189650774 0.219048547 84 
1586959436.689367533 0.499716802 84 
1586959436.970578671 0.281211076 84 
1586959437.189603806 0.219025236 84 
1586959437.504558802 0.314954869 72 
1586959437.689660072 0.185101421 84 
1586959437.969894648 0.280234520 84 
1586959438.142567873 0.172673110 72 
1586959438.189631939 0.047064116 84 
1586959438.689645767 0.500013852 84 
1586959438.970583916 0.280938054 84 
1586959439.189606190 0.219022457 84 
1586959439.689715385 0.500109166 84 
1586959439.970642567 0.280927093 84 
1586959440.005527258 0.034884618 72 
1586959440.189600706 0.184073585 84 
1586959440.648590326 0.458989596 72 
1586959440.689783335 0.041193046 84 
1586959440.970559835 0.280776341 84 
1586959441.189612865 0.219053119 84 
1586959441.689656019 0.500043186 84 
1586959441.970556736 0.280900641 84 
1586959442.189693928 0.219137325 84 
1586959442.507566214 0.317872319 72 
1586959442.689228535 0.181662162 84 
1586959442.970107317 0.280878923 84 
1586959443.149643898 0.179536568 72 
1586959443.189722776 0.040078728 84 
1586959443.689677477 0.499954809 84 
1586959443.970587730 0.280910209 84 
1586959444.189601660 0.219013934 84 
1586959444.689580441 0.499978758 84 
1586959444.970571518 0.280991018 84 
1586959445.008539915 0.037968524 72 
1586959445.189672947 0.181133012 84 
1586959445.654561043 0.464888120 72 
1586959445.689595699 0.035034602 84 
1586959445.970663309 0.281067577 84 
1586959446.189722538 0.219059354 84 
1586959446.689765215 0.500042489 84 
1586959446.970562696 0.280797629 84 
1586959447.189958096 0.219395268 84 
1586959447.517532110 0.327574193 72 
1586959447.689692020 0.172159752 84 
1586959447.970140219 0.280448214 84 
1586959448.155592203 0.185452038 72 
1586959448.189720869 0.034128775 84 
1586959448.689730406 0.500009395 84 
1586959448.970608711 0.280878382 84 
1586959449.189695835 0.219087022 84 
1586959449.689284563 0.499588797 84 
1586959449.969800711 0.280516130 84 
1586959450.019552469 0.049751870 72 
1586959450.189581394 0.170028731 84 
1586959450.661588430 0.472007144 72 
1586959450.689646244 0.028057820 84 
1586959450.969858885 0.280212718 84 
1586959451.189663410 0.219804398 84 
1586959451.689651728 0.499988318 84 
1586959451.970582485 0.280930843 84 
1586959452.189140320 0.218557759 84 
1586959452.521595478 0.332455066 72 
1586959452.689657450 0.168062085 84 
1586959452.970128536 0.280471096 84 
1586959453.165575504 0.195446857 72 
1586959453.189862728 0.024287390 84 
1586959453.689677954 0.499815125 84 
1586959453.970603943 0.280926017 84 
1586959454.189671993 0.219068083 84 
1586959454.689639091 0.499967156 84 
1586959454.970589399 0.280950190 84 
1586959455.024565458 0.053976140 72 
1586959455.189771652 0.165206136 84 
1586959455.666584969 0.476813417 72 
1586959455.689707756 0.023122652 84 
1586959455.970597029 0.280889363 84 
1586959456.189697027 0.219099932 84 
1586959456.689811468 0.500114480 84 
1586959456.970615387 0.280803889 84 
1586959457.188951969 0.218336512 84 
1586959457.530549765 0.341597890 72 
1586959457.689612389 0.159062578 84 
1586959457.970091343 0.280478908 84 
1586959458.168573380 0.198482016 72 
1586959458.188957930 0.020384623 84 
1586959458.689611197 0.500653187 84 
1586959458.969632149 0.280021030 84 
1586959459.189854383 0.220222350 84 
1586959459.689859629 0.500005269 84 
1586959459.970559835 0.280700141 84 
1586959460.039588451 0.069028562 72 
1586959460.189657211 0.150068852 84 
1586959460.672602892 0.482945577 72 
1586959460.689622879 0.017020100 84 
1586959460.970059633 0.280436573 84 
1586959461.189665794 0.219606316 84 
1586959461.689692497 0.500026712 84 
1586959461.970605135 0.280912561 84 
1586959462.189657211 0.219052129 84 
1586959462.550571203 0.360913907 72 
1586959462.689592361 0.139021282 84 
1586959462.970078945 0.280486618 84 
1586959463.173623800 0.203544835 72 
1586959463.189607859 0.015984066 84 
1586959463.689656973 0.500049050 84 
1586959463.969584227 0.279927113 84 
1586959464.189696312 0.220112138 84 
1586959464.689658403 0.499962050 84 
1586959464.970576525 0.280918153 84 
1586959465.051577806 0.081001401 72 
1586959465.189712763 0.138134990 84 
1586959465.676607370 0.486894544 72 
1586959465.689809799 0.013202309 84 
1586959465.970033646 0.280223923 84 
1586959466.189650059 0.219616458 84 
1586959466.689664364 0.500014312 84 
1586959466.970735550 0.281071051 84 
1586959467.189948082 0.219212689 84 
1586959467.557825089 0.367876843 72 
1586959467.689054251 0.131229308 84 
1586959467.970380306 0.281326010 84 
1586959468.180748940 0.210368695 72 
1586959468.189536333 0.008787391 84 
1586959468.689594269 0.500057911 84 
1586959468.970627069 0.281032696 84 
1586959469.189899683 0.219272789 84 
1586959469.689603090 0.499703388 84 
1586959469.970592737 0.280989476 84 
1586959470.062546253 0.091953635 72 
1586959470.189174414 0.126628174 84 
1586959470.681750774 0.492576296 72 
1586959470.689679861 0.007929074 84 
1586959470.970529556 0.280849748 84 
1586959471.189662218 0.219132620 84 
1586959471.689298868 0.499636564 84 
1586959471.969594002 0.280295193 84 
1586959472.189602613 0.220008723 84 
1586959472.564627647 0.375025000 72 
1586959472.689858198 0.125230442 84 
1586959472.970109940 0.280251873 84 
1586959473.185624838 0.215514743 72 
1586959473.189695835 0.004070993 84 
1586959473.689336538 0.499640694 84 
1586959473.969604015 0.280267614 84 
1586959474.189648390 0.220044287 84 
1586959474.689654350 0.500006009 84 
1586959474.970609426 0.280955101 84 
1586959475.068592310 0.097982815 72 
1586959475.189637423 0.121045230 84 
1586959475.687628746 0.497991352 72 
1586959475.689623833 0.001995057 84 
1586959475.970571041 0.280947113 84 
1586959476.189881086 0.219310129 84 
1586959476.689692020 0.499810850 84 
1586959476.970624447 0.280932396 84 
1586959477.189900875 0.219276509 84 
1586959477.574736595 0.384835680 72 
1586959477.689235210 0.114498650 84 
1586959477.970040798 0.280805471 84 
1586959478.189672470 0.219631705 84 
1586959478.190578461 0.000906054 72 
1586959478.689657927 0.499079559 84 
1586959478.970059872 0.280401804 84 
1586959479.189628124 0.219568420 84 
1586959479.689623356 0.499995237 84 
1586959479.970639467 0.281016093 84 
1586959480.079655886 0.109016338 72 
1586959480.189717531 0.110061661 84 
1586959480.688995361 0.499277907 84 
1586959480.692689896 0.003694525 72 
1586959480.969603062 0.276913064 84 
1586959481.189773321 0.220170355 84 
1586959481.689116955 0.499343441 84 
1586959481.969609976 0.280493015 84 
1586959482.189613581 0.220003620 84 
1586959482.583604336 0.393990756 72 
1586959482.689733505 0.106129332 84 
1586959482.970110416 0.280376949 84 
1586959483.189876318 0.219765823 84 
1586959483.199611425 0.009734992 72 
1586959483.689675093 0.490063754 84 
1586959483.970599890 0.280924865 84 
1586959484.189666748 0.219066708 84 
1586959484.689680815 0.500014132 84 
1586959484.970648527 0.280967849 84 
1586959485.084573746 0.113925166 72 
1586959485.189759493 0.105185660 84 
1586959485.689665794 0.499906322 84 
1586959485.701611280 0.011945571 72 
1586959485.969772816 0.268161535 84 
1586959486.189684868 0.219912009 84 
1586959486.689687252 0.500002285 84 
1586959486.969671726 0.279984458 84 
1586959487.189758062 0.220086370 84 
1586959487.585581064 0.395823071 72 
1586959487.689763308 0.104182179 84 
1586959487.970038652 0.280275263 84 
1586959488.189724445 0.219685980 84 
1586959488.203609467 0.013884936 72 
1586959488.689689398 0.486079895 84 
1586959488.970215082 0.280525843 84 
1586959489.189711332 0.219496206 84 
1586959489.689693213 0.499981720 84 
1586959489.969625235 0.279932128 84 
1586959490.089608431 0.119983148 72 
1586959490.189603329 0.099994823 84 
1586959490.689686775 0.500083549 84 
1586959490.704637527 0.014950837 72 
1586959490.970565319 0.265927820 84 
1586959491.189743042 0.219177604 84 
1586959491.689591885 0.499848902 84 
1586959491.970620632 0.281028687 84 
1586959492.189750671 0.219129994 84 
1586959492.590655804 0.400905101 72 
1586959492.689027786 0.098372041 84 
1586959492.970201015 0.281173364 84 
1586959493.189722300 0.219521189 84 
1586959493.205605745 0.015883372 72 
1586959493.689661980 0.484056190 84 
1586959493.970560551 0.280898672 84 
1586959494.189632893 0.219072434 84 
1586959494.689733028 0.500100149 84 
1586959494.970693827 0.280960610 84 
1586959495.095643044 0.124949362 72 
1586959495.189655066 0.094012012 84 
1586959495.689038038 0.499382832 84 
1586959495.706657410 0.017619483 72 
1586959495.970532894 0.263875395 84 
1586959496.189767361 0.219234473 84 
1586959496.689735174 0.499967853 84 
1586959496.970615864 0.280880747 84 
1586959497.190048218 0.219432401 84 
1586959497.596631289 0.406582933 72 
1586959497.689719915 0.093088808 84 
1586959497.970114708 0.280394653 84 
1586959498.189785957 0.219671260 84 
1586959498.211654186 0.021868364 72 
1586959498.689679146 0.478024918 84 
1586959498.970688105 0.281008994 84 
1586959499.189702034 0.219013848 84 
1586959499.689626932 0.499924881 84 
1586959499.970674753 0.281047873 84 
1586959500.098613977 0.127939090 72 
1586959500.189688921 0.091074909 84 
1586959500.689733028 0.500044141 84 
1586959500.713612795 0.023879852 72 
1586959500.970573664 0.256960854 84 
1586959501.189882994 0.219309433 84 
1586959501.689179897 0.499296794 84 
1586959501.969730854 0.280550889 84 
1586959502.189798355 0.220067676 84 
1586959502.599605083 0.409806634 72 
1586959502.689499855 0.089894882 84 
1586959502.970100880 0.280600905 84 
1586959503.189889908 0.219789112 84 
1586959503.216645002 0.026754967 72 
1586959503.689670324 0.473025410 84 
1586959503.969635010 0.279964759 84 
1586959504.189631224 0.219996078 84 
1586959504.689668655 0.500037419 84 
1586959504.969638348 0.279969625 84 
1586959505.100549221 0.130910882 72 
1586959505.189316988 0.088767846 84 
1586959505.689718246 0.500401198 84 
1586959505.717615128 0.027896988 72 
1586959505.970518351 0.252903282 84 
1586959506.189856291 0.219337809 84 
1586959506.689389467 0.499533235 84 
1586959506.969643593 0.280254178 84 
1586959507.189749002 0.220105256 84 
1586959507.602583885 0.412834869 72 
1586959507.689867020 0.087283342 84 
1586959507.970042706 0.280175560 84 
1586959508.189655304 0.219612539 84 
1586959508.222633839 0.032978623 72 
1586959508.689644337 0.467010494 84 
1586959508.970638752 0.280994484 84 
1586959509.189527750 0.218888947 84 
1586959509.689694881 0.500167015 84 
1586959509.969667435 0.279972732 84 
1586959510.105571747 0.135904137 72 
1586959510.189811945 0.084240346 84 
1586959510.689727783 0.499915752 84 
1586959510.723602057 0.033874312 72 
1586959510.970508337 0.246906349 84 
1586959511.189770699 0.219262285 84 
1586959511.689617395 0.499846701 84 
1586959511.970721245 0.281103900 84 
1586959512.189639568 0.218918313 84 
1586959512.613589525 0.423949800 72 
1586959512.689712524 0.076123205 84 
1586959512.969792128 0.280079436 84 
1586959513.189934015 0.220141849 84 
1586959513.233656168 0.043722271 72 
1586959513.689493179 0.455836916 84 
1586959513.969671488 0.280178506 84 
1586959514.189594269 0.219922664 84 
1586959514.689855576 0.500261324 84 
1586959514.969844580 0.279989047 84 
1586959515.117698193 0.147853502 72 
1586959515.189725876 0.072027659 84 
1586959515.689724922 0.499999162 84 
1586959515.741610765 0.051885731 72 
1586959515.970442295 0.228831591 84 
1586959516.189624071 0.219181798 84 
1586959516.689677000 0.500052814 84 
1586959516.969656944 0.279980073 84 
1586959517.189746857 0.220089778 84 
1586959517.627594233 0.437847449 72 
1586959517.689715385 0.062121288 84 
1586959517.970012188 0.280296690 84 
1586959518.189630032 0.219617969 84 
1586959518.245761156 0.056131107 72 
1586959518.689715862 0.443954632 84 
1586959518.969681263 0.279965277 84 
1586959519.189656496 0.219975319 84 
1586959519.689658165 0.500001602 84 
1586959519.970335007 0.280676844 84 
1586959520.128549099 0.158214191 72 
1586959520.189628124 0.061079104 84 
1586959520.689633608 0.500005460 84 
1586959520.746601582 0.056967986 72 
1586959520.970589638 0.223987927 84 
1586959521.189627886 0.219038218 84 
1586959521.689335346 0.499707541 84 
1586959521.969648838 0.280313571 84 
1586959522.189337492 0.219688554 84 
1586959522.630697489 0.441360108 72 
1586959522.689329624 0.058631987 84 
1586959522.969794512 0.280465041 84 
1586959523.189716816 0.219922125 84 
1586959523.247616529 0.057899811 72 
1586959523.689731359 0.442114714 84 
1586959523.969931126 0.280199897 84 
1586959524.189659595 0.219728476 84 
1586959524.689635038 0.499975466 84 
1586959524.970689058 0.281053987 84 
1586959525.132699013 0.162009941 72 
1586959525.189813614 0.057114573 84 
1586959525.689680099 0.499866483 84 
1586959525.749707937 0.060027965 72 
1586959525.970629930 0.220921965 84 
1586959526.188982725 0.218352764 84 
1586959526.689725637 0.500742975 84 
1586959526.969648361 0.279922604 84 
1586959527.189656019 0.220007660 84 
1586959527.637684822 0.448028788 72 
1586959527.689606905 0.051922070 84 
1586959527.970090866 0.280484096 84 
1586959528.189646721 0.219555825 84 
1586959528.250630856 0.060983967 72 
1586959528.689778805 0.439148088 84 
1586959528.970697403 0.280918452 84 
1586959529.189661503 0.218964225 84 
1586959529.689122677 0.499461094 84 
1586959529.970658302 0.281535743 84 
1586959530.139561415 0.168903164 72 
1586959530.189533234 0.049971790 84 
1586959530.689671993 0.500138672 84 
1586959530.756628275 0.066956395 72 
1586959530.969734430 0.213105969 84 
1586959531.189492464 0.219758083 84 
1586959531.690082073 0.500589545 84 
1586959531.970519543 0.280437450 84 
1586959532.189711571 0.219192243 84 
1586959532.644591331 0.454879561 72 
1586959532.689716578 0.045125368 84 
1586959532.969703436 0.279986812 84 
1586959533.189936161 0.220232706 84 
1586959533.260627270 0.070691179 72 
1586959533.689892054 0.429264667 84 
1586959533.970660448 0.280768396 84 
1586959534.189726114 0.219065661 84 
1586959534.689587593 0.499861454 84 
1586959534.969650030 0.280062453 84 
1586959535.148685455 0.179035438 72 
1586959535.189714670 0.041029192 84 
1586959535.689747334 0.500032720 84 
1586959535.762611866 0.072864607 72 
1586959535.970632553 0.208020639 84 
1586959536.189910650 0.219278068 84 
1586959536.689651966 0.499741327 84 
1586959536.969667196 0.280015368 84 
1586959537.189671278 0.220004042 84 
1586959537.650622606 0.460951356 72 
1586959537.689665079 0.039042412 84 
1586959537.970106840 0.280441794 84 
1586959538.189679623 0.219572638 84 
1586959538.269658327 0.079978777 72 
1586959538.689683914 0.420025537 84 
1586959538.969746113 0.280062299 84 
1586959539.189625740 0.219879669 84 
1586959539.689795732 0.500169983 84 
1586959539.969668865 0.279873156 84 
1586959540.151671886 0.182002915 72 
1586959540.189730406 0.038058610 84 
1586959540.689666033 0.499935462 84 
1586959540.770653963 0.080988133 72 
1586959540.970537424 0.199883246 84 
1586959541.189681768 0.219144360 84 
1586959541.689914465 0.500232668 84 
1586959541.970529556 0.280615158 84 
1586959542.189713001 0.219183421 84 
1586959542.653586149 0.463873167 72 
1586959542.689312458 0.035726380 84 
1586959542.969798088 0.280485659 84 
