720 59.072067 0.011000 0
720 61.024399 0.010000 0
720 58.755274 0.010000 0
720 60.857777 0.010000 0
720 59.915303 0.010000 0
720 60.030299 0.010000 0
720 59.129503 0.010000 0
720 60.167287 0.010000 0
720 61.079642 0.010000 0
720 59.971575 0.010000 0
720 59.840701 0.010000 0
720 59.584572 0.015000 0
720 60.457936 0.015000 0
720 58.776462 0.015000 0
720 60.336889 0.010000 0
720 60.020349 0.010000 0
720 59.978650 0.010000 0
720 60.019204 0.010000 0
720 59.799784 0.010000 0
720 60.352108 0.010000 0
720 59.797710 0.010000 0
720 60.142344 0.010000 0
720 59.940178 0.010000 0
720 60.076358 0.010000 0
720 59.962944 0.025000 0
720 58.818777 0.025000 37
720 60.755403 0.010000 64
720 52.443828 0.010000 51
720 60.115852 0.010000 0
720 60.016144 0.015000 0
720 60.120720 0.015000 0
720 60.734779 0.011000 0
720 59.925691 0.011000 0
720 60.200539 0.011000 0
720 59.914677 0.013000 0
720 59.116703 0.013000 0
720 58.932276 0.011000 0
720 61.192449 0.011000 0
720 60.202411 0.011000 0
720 59.523041 0.011000 0
720 59.995680 0.011000 0
720 59.897756 0.011000 0
720 60.099342 0.011000 0
720 61.015551 0.011000 0
720 59.969960 0.010000 0
720 60.317467 0.010000 0
720 59.582794 0.010000 0
720 59.973799 0.010000 0
720 60.125053 0.010000 0
720 59.766849 0.011000 0
720 60.120289 0.011000 0
720 59.092662 0.010000 0
720 59.541056 0.010000 0
720 60.947004 0.010000 0
720 60.536956 0.011000 0
720 58.814972 0.011000 0
720 60.218286 0.011000 0
720 60.550079 0.011000 0
720 56.473679 0.011000 52
720 56.082659 0.030000 89
720 59.035821 0.030000 46
720 58.025829 0.012000 58
720 63.926750 0.012000 19
720 60.045926 0.012000 0
720 60.967818 0.011000 0
720 58.988664 0.011000 0
720 60.966154 0.010000 0
720 60.126566 0.010000 0
720 59.830151 0.010000 0
720 60.023398 0.010000 0
720 59.192492 0.010000 0
720 60.721992 0.011000 0
720 59.965102 0.011000 0
720 59.243199 0.011000 0
720 61.009018 0.012000 0
720 58.997581 0.012000 0
720 60.084201 0.011000 0
720 60.183269 0.011000 0
720 59.706344 0.011000 0
720 60.051471 0.010000 0
720 61.023439 0.010000 0
720 60.273709 0.011000 0
720 59.525336 0.011000 0
720 59.285432 0.011000 0
720 60.992046 0.010000 0
720 60.111874 0.010000 0
720 59.787694 0.012000 0
720 58.971163 0.012000 0
720 61.020994 0.012000 0
720 60.423819 0.010000 0
720 59.105783 0.010000 0
720 60.485149 0.010000 0
720 60.017357 0.010000 0
720 52.971925 0.010000 55
720 65.071241 0.025000 60
720 54.955269 0.025000 22
720 59.219497 0.010000 0
720 60.364834 0.010000 0
720 59.573274 0.010000 0
720 59.630823 0.010000 0
720 60.742882 0.010000 0
720 59.938653 0.010000 0
720 60.027922 0.010000 0
720 59.944858 0.010000 0
720 60.269178 0.010000 0
720 60.174139 0.010000 0
720 59.976835 0.011000 0
720 60.095510 0.011000 0
720 60.043218 0.011000 0
720 59.910084 0.010000 0
720 59.225028 0.010000 0
720 60.711619 0.011000 0
720 60.084734 0.011000 0
720 58.961848 0.011000 0
720 60.058020 0.011000 0
720 60.926281 0.011000 0
720 59.575628 0.011000 0
720 59.160167 0.011000 0
720 60.267091 0.011000 0
720 60.550237 0.011000 0
720 59.513357 0.011000 0
720 60.909905 0.011000 0
720 58.921051 0.011000 0
720 60.077032 0.011000 0
720 60.008570 0.010000 0
720 60.700312 0.010000 0
720 59.652689 0.010000 0
1080 60.047527 0.014000 0
1080 60.649433 0.014000 0
1080 60.266392 0.011000 0
1080 58.581551 0.011000 0
1080 61.193954 0.011000 0
1080 60.041175 0.010000 0
1080 59.991833 0.010000 0
1080 60.005651 0.009000 0
1080 60.011504 0.009000 0
1080 56.960481 0.009000 0
1080 63.026086 0.009000 0
1080 60.019934 0.009000 0
1080 58.989733 0.010000 0
1080 59.994836 0.010000 0
1080 60.480050 0.010000 0
1080 60.536286 0.009000 0
1080 60.014066 0.009000 0
1080 58.979765 0.012000 0
1080 60.682541 0.012000 0
1080 59.833238 0.012000 0
1080 59.186366 0.011000 0
1080 60.751955 0.011000 0
1080 58.925344 0.009000 0
1080 60.955065 0.009000 0
1080 60.163906 0.009000 0
1080 58.245561 0.011000 0
1080 61.516561 0.011000 0
1080 60.106145 0.010000 0
1080 60.682215 0.010000 0
1080 59.400350 0.010000 0
1080 60.760406 0.010000 0
1080 59.352979 0.010000 0
1080 58.504665 0.011000 0
1080 60.071425 0.011000 0
1080 60.893930 0.011000 0
1080 60.525734 0.010000 0
1080 58.173704 0.010000 0
1080 62.246430 0.010000 0
1080 59.198669 0.010000 0
1080 59.996567 0.010000 0
1080 59.861318 0.010000 0
1080 60.125810 0.010000 0
1080 60.021966 0.011000 0
1080 59.993506 0.011000 0
1080 59.000900 0.011000 0
1080 60.944465 0.011000 0
1080 59.991547 0.011000 0
1080 58.023393 0.011000 0
1080 62.957566 0.011000 0
1080 59.061775 0.011000 0
1080 60.025875 0.011000 0
1080 59.983554 0.011000 0
1080 59.958344 0.010000 0
1080 60.039565 0.010000 0
1080 60.993892 0.010000 0
1080 59.005655 0.011000 0
1080 58.991927 0.011000 0
1080 60.921958 0.011000 0
1080 59.781487 0.011000 0
1080 61.312769 0.011000 0
1080 59.999943 0.011000 0
1080 60.013922 0.011000 0
1080 58.986021 0.011000 0
1080 60.940647 0.011000 0
1080 59.926647 0.011000 0
1080 60.145377 0.011000 0
1080 59.993764 0.011000 0
1080 59.983253 0.010000 0
1080 60.020478 0.010000 0
1080 59.889197 0.010000 0
1080 60.108313 0.011000 0
1080 57.855138 0.011000 0
1080 62.140049 0.011000 0
1080 57.726952 0.011000 0
1080 61.853890 0.011000 0
1080 59.258492 0.010000 0
1080 58.299525 0.010000 0
1080 62.629105 0.011000 0
1080 60.117417 0.011000 0
1080 58.844706 0.011000 0
1080 60.296299 0.010000 0
1080 60.824038 0.010000 0
1080 58.618213 0.010000 0
1080 60.588142 0.010000 0
1080 59.957058 0.010000 0
1080 60.298480 0.011000 0
1080 59.840651 0.011000 0
1080 55.842470 0.011000 0
1080 62.930338 0.011000 0
1080 59.192380 0.011000 0
1080 62.103943 0.011000 0
1080 61.056306 0.011000 0
1080 58.918273 0.010000 0
1080 61.012030 0.010000 0
1080 59.918985 0.010000 0
1080 59.996338 0.010000 0
1080 60.011518 0.010000 0
1080 59.982796 0.010000 0
1080 60.009786 0.010000 0
1080 59.978636 0.010000 0
1080 59.754162 0.011000 0
1080 60.233045 0.011000 0
1080 59.953187 0.010000 0
1080 57.076246 0.010000 0
1080 62.980540 0.010000 0
1080 55.991710 0.012000 0
1080 64.025691 0.012000 0
1080 59.990746 0.010000 0
1080 59.008793 0.010000 0
1080 59.991061 0.010000 0
1080 60.010802 0.010000 0
1080 60.989022 0.010000 0
1080 60.016556 0.010000 0
1080 59.983882 0.010000 0
1080 59.837175 0.010000 0
1080 58.867111 0.010000 0
1080 60.658621 0.010000 0
1080 59.240220 0.011000 0
1080 58.794975 0.011000 0
1080 62.048464 0.011000 0
1080 60.332972 0.010000 0
1080 59.602635 0.010000 0
1080 59.681777 0.010000 0
1080 59.516711 0.010000 0
1080 60.158949 0.010000 0
1080 60.116139 0.010000 0
1080 60.047746 0.010000 0
1080 60.980968 0.010000 0
1080 60.079972 0.010000 0
1080 59.563051 0.010000 0
1080 60.445178 0.010000 0
1080 59.804431 0.010000 0
1080 60.151098 0.010000 0
1080 58.980299 0.010000 0
1080 61.057574 0.010000 0
1080 60.028280 0.010000 0
1080 58.971332 0.010000 0
1080 57.027029 0.010000 0
1080 63.818433 0.010000 0
1080 60.094850 0.010000 0
1080 57.025193 0.010000 0
1080 63.062818 0.010000 0
1080 59.961444 0.011000 0
1080 59.995323 0.011000 0
1080 58.002890 0.011000 0
1080 61.006836 0.010000 0
1080 59.914748 0.010000 0
1080 61.116790 0.012000 0
1080 60.003720 0.012000 0
1080 60.001745 0.012000 0
1080 57.916073 0.010000 0
1080 58.011079 0.010000 0
1080 64.077165 0.009000 0
1080 59.993878 0.009000 0
1080 59.991947 0.009000 0
1080 58.987033 0.011000 0
1080 61.039613 0.011000 0
1080 59.994407 0.011000 0
1080 59.998198 0.011000 0
1080 59.754063 0.011000 0
1080 60.222753 0.011000 0
1080 59.872598 0.011000 0
1080 60.144169 0.011000 0
1080 56.857528 0.011000 0
1080 63.160042 0.011000 0
1080 59.962158 0.011000 0
1080 56.038893 0.011000 0
1080 60.914966 0.010000 0
1080 63.081862 0.010000 0
1080 59.865733 0.010000 0
1080 59.129430 0.010000 0
1080 61.001396 0.010000 0
1080 58.906577 0.010000 0
1080 61.073490 0.010000 0
1080 57.828169 0.010000 0
1080 62.196928 0.011000 0
1080 59.868709 0.011000 0
1080 58.956496 0.010000 0
1080 60.759762 0.010000 0
1080 60.973295 0.010000 0
1080 57.835634 0.011000 0
1080 61.984424 0.011000 0
1080 59.980709 0.010000 0
1080 60.524422 0.010000 0
1080 59.007259 0.010000 0
1080 61.073642 0.011000 0
1080 58.064220 0.011000 0
1080 61.137304 0.010000 0
1080 59.988058 0.010000 0
1080 60.033149 0.010000 0
1080 59.866303 0.010000 0
1080 59.981166 0.010000 0
1080 59.989387 0.010000 0
1080 59.978764 0.010000 0
1080 59.986628 0.010000 0
1080 59.788944 0.009000 0
1080 60.991522 0.009000 0
1080 59.993220 0.009000 0
1080 59.985956 0.009000 0
1080 55.983382 0.009000 0
1080 60.983832 0.010000 0
1080 61.988162 0.010000 0
1080 59.986556 0.010000 0
1080 58.692983 0.010000 0
1080 60.954716 0.010000 0
1080 59.977749 0.011000 0
1080 59.989087 0.011000 0
1080 60.993223 0.010000 0
1080 59.987228 0.010000 0
1080 59.990818 0.010000 0
1080 58.993277 0.010000 0
1080 60.993223 0.010000 0
1080 59.748885 0.010000 0
1080 58.987427 0.010000 0
1080 59.971403 0.010000 0
1080 61.091070 0.010000 0
1080 59.569864 0.010000 0
1080 60.975591 0.011000 0
1080 57.469277 0.011000 0
1080 62.502652 0.011000 0
1080 57.986479 0.009000 0
1080 61.989846 0.009000 0
1080 59.990989 0.011000 0
1080 58.978584 0.011000 0
1080 60.944262 0.011000 0
1080 59.764990 0.011000 0
1080 59.959230 0.011000 0
1080 59.970560 0.010000 0
1080 60.931258 0.010000 0
1080 60.000486 0.010000 0
1080 58.731471 0.009000 0
1080 60.144356 0.009000 0
1080 61.072178 0.009000 0
1080 58.648998 0.009000 0
1080 59.370878 0.009000 0
1080 61.037868 0.011000 0
1080 59.089233 0.011000 0
1080 60.063840 0.010000 0
1080 58.698719 0.010000 0
1080 61.994295 0.010000 0
1080 59.866256 0.010000 0
1080 60.076300 0.010000 0
1080 60.134869 0.011000 0
1080 60.111745 0.011000 0
1080 59.946653 0.011000 0
1080 60.173722 0.010000 0
1080 60.201491 0.010000 0
1080 59.584868 0.010000 0
1080 60.242302 0.010000 0
1080 59.827392 0.010000 0
1080 59.401376 0.011000 0
1080 57.540423 0.011000 0
1080 60.443842 0.009000 0
1080 62.371480 0.009000 0
1080 60.514553 0.009000 0
1080 60.288542 0.009000 0
1080 56.724216 0.009000 0
1080 62.062369 0.009000 0
1080 60.664707 0.009000 0
1080 60.390726 0.009000 0
1080 59.815106 0.009000 0
1080 57.379052 0.009000 0
1080 62.464053 0.010000 0
1080 60.552163 0.010000 0
1080 58.713244 0.010000 0
1080 60.142056 0.011000 0
1080 59.138742 0.011000 0
1080 61.123842 0.011000 0
1080 58.229946 0.011000 0
1080 61.854577 0.011000 0
1080 60.889915 0.010000 0
1080 57.799371 0.010000 0
1080 61.316457 0.010000 0
1080 59.833153 0.010000 0
1080 60.148096 0.010000 0
1080 60.056104 0.010000 0
1080 60.256394 0.010000 0
1080 58.870127 0.011000 0
1080 60.059525 0.011000 0
1080 59.969003 0.011000 0
1080 60.978585 0.010000 0
1080 59.955401 0.010000 0
1080 60.165637 0.010000 0
1080 59.857716 0.010000 0
1080 60.110912 0.010000 0
1080 59.864280 0.011000 0
1080 60.124756 0.011000 0
1080 59.757085 0.011000 0
1080 60.249254 0.011000 0
1080 59.030639 0.011000 0
1080 60.108428 0.010000 0
1080 58.768809 0.010000 0
1080 60.071840 0.010000 0
1080 62.164872 0.010000 0
1080 60.200093 0.010000 0
1080 59.437608 0.011000 0
1080 60.201869 0.011000 0
1080 59.379853 0.010000 0
1080 59.890152 0.010000 0
1080 59.935824 0.010000 0
1080 60.010999 0.010000 0
1080 60.406657 0.010000 0
1080 60.118551 0.010000 0
1080 60.303821 0.010000 0
1080 59.809917 0.010000 0
1080 60.189611 0.012000 0
1080 59.785847 0.012000 0
1080 60.230609 0.010000 0
1080 58.998059 0.010000 0
1080 59.988372 0.010000 0
1080 60.003348 0.010000 0
1080 59.969474 0.010000 0
1080 56.034013 0.010000 0
1080 64.802748 0.010000 0
1080 60.186516 0.010000 0
1080 60.004020 0.010000 0
1080 59.967674 0.010000 0
1080 60.025946 0.010000 0
1080 60.005150 0.010000 0
1080 60.001431 0.010000 0
1080 57.990612 0.010000 0
1080 62.014268 0.010000 0
1080 58.961904 0.011000 0
1080 58.853410 0.011000 0
1080 62.117517 0.011000 0
1080 57.023711 0.011000 0
1080 62.039907 0.011000 0
1080 60.968718 0.011000 0
1080 59.646148 0.011000 0
1080 60.702939 0.011000 0
1080 56.534586 0.011000 0
1080 63.508333 0.011000 0
1080 59.214705 0.010000 0
1080 60.269614 0.010000 0
1080 57.466396 0.010000 0
1080 62.338243 0.010000 0
1080 60.106007 0.010000 0
1080 59.880075 0.010000 0
1080 59.129317 0.010000 0
1080 60.954092 0.010000 0
1080 60.544821 0.010000 0
1080 59.352794 0.010000 0
1080 59.370052 0.013000 0
1080 59.976377 0.013000 0
1080 61.793595 0.013000 0
1080 59.049134 0.010000 0
1080 60.002689 0.010000 0
1080 59.853360 0.009000 0
1080 60.082855 0.009000 0
1080 60.110419 0.009000 0
1080 60.108974 0.010000 0
1080 59.164065 0.010000 0
1080 58.307369 0.009000 0
1080 61.624097 0.009000 0
1080 59.954373 0.009000 0
1080 61.059083 0.010000 0
1080 59.954130 0.010000 0
1080 59.540510 0.010000 0
1080 59.675894 0.010000 0
1080 60.901467 0.010000 0
1080 60.022762 0.010000 0
1080 60.062048 0.010000 0
1080 59.687043 0.010000 0
1080 59.997254 0.010000 0
1080 59.251156 0.010000 0
1080 61.103580 0.011000 0
1080 59.142756 0.011000 0
1080 60.142919 0.011000 0
1080 59.725261 0.011000 0
1080 60.182169 0.011000 0
1080 60.938078 0.010000 0
1080 57.375197 0.010000 0
1080 62.026101 0.010000 0
1080 58.966976 0.010000 0
