1080 0.000000 0.012000 0
1080 0.000000 0.010000 0
1080 42.030423 0.010000 0
1080 59.730022 0.024000 3
1080 59.881913 0.012000 0
1080 59.478685 0.012000 0
1080 59.865291 0.012000 0
1080 60.925139 0.011000 8
1080 60.002510 0.011000 0
1080 59.772743 0.011000 0
1080 60.350395 0.010000 0
1080 60.105800 0.010000 0
1080 59.536292 0.010000 0
1080 60.278131 0.010000 0
1080 60.056702 0.010000 0
1080 59.920442 0.010000 0
1080 60.071057 0.010000 0
1080 60.017157 0.010000 0
1080 59.807763 0.010000 0
1080 59.028787 0.010000 0
1080 61.205155 0.011000 0
1080 59.763996 0.011000 0
1080 59.173595 0.025000 0
1080 46.228533 0.025000 203
1080 62.992250 0.025000 15
1080 60.098208 0.024000 4
1080 59.744885 0.024000 5
1080 61.259861 0.012000 3
1080 59.992562 0.012000 0
1080 59.913508 0.012000 0
1080 60.068871 0.010000 0
1080 59.931500 0.010000 0
1080 60.046005 0.013000 0
1080 60.010063 0.013000 0
1080 59.991018 0.013000 0
1080 60.178035 0.012000 0
1080 60.046935 0.012000 0
1080 59.796331 0.012000 0
1080 59.750576 0.012000 0
1080 60.229323 0.012000 0
1080 60.033980 0.011000 0
1080 60.119139 0.011000 0
1080 59.262996 0.023000 0
1080 60.058680 0.023000 0
1080 59.273661 0.023000 0
1080 60.697720 0.023000 0
1080 60.105184 0.023000 0
1080 60.881773 0.010000 0
1080 59.575164 0.010000 0
1080 59.947061 0.010000 0
1080 59.959244 0.011000 0
1080 60.380255 0.011000 0
1080 59.858274 0.011000 0
1080 59.890338 0.011000 0
1080 59.838110 0.011000 0
1080 60.104799 0.010000 0
1080 59.851166 0.010000 0
1080 60.248869 0.010000 0
1080 59.967916 0.010000 0
1080 59.929773 0.010000 0
1080 58.517974 0.011000 0
1080 60.059339 0.011000 0
1080 60.107581 0.010000 0
1080 60.783014 0.010000 0
1080 59.388656 0.010000 0
1080 58.565732 0.010000 0
1080 61.505412 0.010000 0
1080 59.014703 0.012000 0
1080 60.612119 0.012000 0
1080 50.372409 0.012000 185
1080 46.916219 0.021000 172
1080 49.200796 0.021000 120
1080 58.419985 0.022000 15
1080 46.888366 0.022000 215
1080 48.871489 0.022000 133
1080 27.574144 0.020000 327
1080 60.109896 0.020000 0
1080 48.650586 0.031000 166
1080 58.160060 0.031000 134
1080 49.981255 0.031000 41
1080 60.006238 0.012000 2
1080 61.004887 0.012000 0
1080 58.015037 0.020000 0
1080 61.304188 0.020000 0
1080 59.718132 0.020000 0
1080 59.112367 0.013000 0
1080 60.173737 0.013000 0
1080 58.750894 0.011000 0
1080 61.881115 0.011000 24
1080 58.005338 0.011000 2
1080 61.917236 0.017000 0
1080 60.148940 0.017000 0
1080 56.985408 0.014000 0
1080 62.984578 0.014000 0
1080 60.046212 0.014000 0
1080 58.637575 0.013000 1
1080 61.216094 0.013000 0
1080 58.065848 0.019000 0
1080 61.465084 0.019000 0
1080 60.285986 0.019000 1
1080 59.829070 0.016000 1
1080 59.048176 0.016000 0
1080 59.830086 0.013000 0
1080 61.305614 0.013000 0
1080 60.275098 0.013000 7
1080 59.317195 0.014000 0
1080 59.585857 0.014000 2
1080 60.898292 0.013000 14
1080 52.372621 0.013000 124
1080 56.150151 0.013000 120
1080 60.917214 0.011000 0
1080 59.989016 0.011000 1
1080 60.003662 0.014000 0
1080 59.002180 0.014000 0
1080 60.821363 0.014000 0
1080 60.127428 0.016000 0
1080 60.036013 0.016000 1
1080 60.010330 0.013000 0
1080 59.596984 0.013000 0
1080 60.128032 0.013000 0
1080 60.114258 0.010000 0
1080 59.898306 0.010000 0
1080 59.769692 0.011000 0
1080 60.466920 0.011000 0
1080 58.973122 0.011000 0
1080 61.405460 0.015000 2
1080 59.127960 0.015000 0
1080 60.038233 0.011000 0
1080 60.731449 0.011000 0
1080 58.610716 0.011000 0
1080 60.298769 0.011000 0
1080 60.887341 0.011000 0
1080 60.830298 0.010000 0
1080 59.075085 0.010000 0
1080 60.001860 0.010000 0
1080 60.001631 0.012000 1
1080 59.777283 0.012000 0
1080 60.224674 0.015000 2
1080 60.438965 0.015000 0
1080 58.354857 0.015000 5
1080 58.214869 0.024000 98
1080 62.790534 0.024000 26
1080 54.832135 0.024000 57
1080 63.611850 0.025000 79
1080 60.973281 0.025000 50
1080 58.292164 0.016000 1
1080 61.971763 0.016000 0
1080 60.021480 0.016000 0
1080 59.964330 0.014000 0
1080 59.785307 0.014000 0
1080 60.332194 0.014000 3
1080 60.107050 0.014000 0
1080 59.971561 0.012000 0
1080 60.099356 0.012000 2
1080 59.625597 0.012000 0
1080 60.273770 0.015000 0
1080 59.888485 0.015000 0
1080 60.158288 0.013000 0
1080 58.980412 0.013000 1
1080 51.015557 0.013000 75
1080 54.011770 0.023000 168
1080 55.509998 0.023000 10
1080 60.969111 0.023000 0
1080 59.325646 0.013000 0
1080 59.750817 0.013000 1
1080 60.488796 0.012000 0
1080 59.795606 0.012000 0
1080 60.012163 0.012000 0
1080 60.263768 0.011000 0
1080 59.571864 0.011000 0
1080 59.993749 0.015000 2
1080 60.374325 0.015000 0
1080 59.990760 0.015000 0
1080 60.135374 0.010000 0
1080 59.647152 0.010000 0
1080 59.841960 0.010000 0
1080 59.919455 0.010000 0
1080 60.981849 0.010000 0
1080 59.611389 0.011000 0
1080 58.950134 0.011000 1
1080 60.880686 0.012000 0
1080 59.424696 0.012000 0
1080 60.887235 0.012000 0
1080 59.770483 0.011000 0
1080 59.881730 0.011000 0
1080 60.094046 0.010000 0
1080 59.716120 0.010000 0
1080 61.010619 0.010000 0
1080 59.542644 0.010000 0
1080 59.704406 0.010000 0
1080 60.390117 0.011000 0
1080 59.073040 0.011000 0
1080 59.192728 0.011000 0
1080 61.131670 0.011000 0
1080 60.010015 0.011000 0
1080 60.615060 0.009000 0
1080 59.886518 0.009000 0
1080 59.836823 0.009000 0
1080 59.473828 0.010000 0
1080 60.803064 0.010000 0
1080 59.212129 0.011000 0
1080 59.857716 0.011000 0
1080 60.004077 0.011000 0
1080 60.938806 0.013000 0
1080 59.069064 0.013000 0
1080 60.034996 0.010000 3
1080 60.003176 0.010000 0
1080 60.268766 0.010000 0
1080 59.991289 0.011000 0
1080 59.974033 0.011000 0
1080 59.945875 0.010000 0
1080 59.816542 0.010000 0
1080 60.275459 0.010000 0
1080 59.917616 0.010000 0
1080 60.941836 0.010000 0
1080 58.749778 0.010000 0
1080 60.437699 0.010000 0
1080 59.827107 0.010000 0
1080 59.969413 0.010000 0
1080 60.136279 0.010000 0
1080 59.980866 0.016000 0
1080 60.177276 0.016000 0
1080 59.920840 0.016000 0
1080 60.687047 0.010000 0
1080 59.701247 0.010000 0
1080 58.320341 0.010000 0
1080 61.209445 0.010000 0
1080 59.958990 0.010000 0
1080 60.680972 0.010000 0
1080 59.633665 0.010000 0
1080 60.792474 0.010000 0
1080 59.000000 0.010000 0
1080 60.986448 0.010000 0
1080 57.839405 0.010000 0
1080 60.190203 0.010000 0
1080 61.326091 0.010000 0
1080 59.916531 0.010000 0
1080 60.286245 0.010000 0
1080 59.377894 0.011000 0
1080 59.995251 0.011000 0
1080 58.987090 0.010000 0
1080 61.012510 0.010000 0
1080 57.656286 0.010000 0
1080 61.350846 0.010000 0
1080 61.742818 0.010000 0
1080 58.903111 0.011000 0
1080 60.001860 0.011000 0
1080 59.967916 0.011000 0
1080 61.009338 0.010000 0
1080 59.071986 0.010000 0
1080 60.086929 0.010000 0
1080 60.837633 0.010000 0
1080 59.063678 0.010000 0
1080 60.822144 0.010000 0
1080 59.909713 0.010000 0
1080 58.491769 0.009000 0
1080 59.997482 0.009000 0
1080 61.017996 0.009000 0
1080 59.933169 0.011000 1
1080 60.036085 0.011000 0
1080 60.018674 0.010000 0
1080 59.989616 0.010000 0
1080 59.936652 0.010000 0
1080 60.004921 0.010000 0
1080 60.057533 0.010000 0
1080 59.025092 0.010000 0
1080 61.003709 0.010000 0
1080 61.004334 0.010000 0
1080 58.826465 0.010000 0
1080 61.170972 0.010000 0
1080 58.952549 0.010000 0
1080 59.543875 0.010000 0
1080 60.769155 0.010000 0
1080 60.587040 0.010000 0
1080 59.570510 0.010000 0
1080 59.555581 0.012000 0
1080 59.974276 0.012000 0
1080 60.997794 0.012000 0
1080 60.065442 0.010000 0
1080 59.335078 0.010000 0
1080 59.565379 0.010000 0
1080 60.665841 0.010000 0
1080 60.416135 0.010000 0
1080 59.976906 0.011000 1
1080 60.026118 0.011000 0
1080 59.853246 0.011000 0
1080 59.131379 0.011000 0
1080 61.016366 0.011000 0
1080 59.245648 0.010000 0
1080 58.701615 0.010000 0
1080 61.351300 0.011000 0
1080 60.077089 0.011000 0
1080 59.960715 0.011000 0
1080 59.595352 0.011000 0
1080 60.886699 0.011000 0
1080 58.887218 0.010000 0
1080 60.151285 0.010000 0
1080 57.942752 0.010000 0
1080 61.073154 0.010000 0
1080 59.892390 0.010000 0
1080 59.092055 0.010000 0
1080 61.067294 0.010000 0
1080 60.990795 0.010000 0
1080 60.961586 0.012000 0
1080 60.038978 0.012000 0
1080 59.003250 0.010000 0
1080 60.004006 0.010000 0
1080 60.013035 0.010000 0
1080 61.003345 0.012000 0
1080 59.998140 0.012000 0
1080 60.308435 0.012000 0
1080 59.409619 0.012000 0
1080 60.358582 0.012000 0
1080 60.073174 0.010000 0
1080 59.846193 0.010000 0
1080 58.998045 0.011000 0
1080 59.865904 0.011000 0
1080 61.152813 0.011000 0
1080 58.971515 0.010000 0
1080 60.915517 0.010000 0
1080 60.115119 0.010000 0
1080 59.009609 0.010000 0
1080 58.993811 0.010000 0
1080 61.010502 0.010000 1
1080 59.998970 0.010000 0
1080 59.982253 0.010000 0
1080 60.117772 0.010000 0
1080 60.183606 0.010000 0
1080 60.100246 0.010000 0
1080 59.795748 0.010000 0
1080 60.210060 0.010000 0
1080 59.446191 0.010000 0
1080 61.163382 0.010000 0
1080 59.019714 0.010000 0
1080 59.992619 0.010000 0
1080 60.007983 0.011000 0
1080 59.892435 0.011000 0
1080 60.234826 0.011000 0
1080 59.097067 0.010000 0
1080 60.743247 0.010000 0
1080 60.960017 0.014000 0
1080 59.514539 0.014000 0
1080 60.140130 0.014000 0
1080 59.908583 0.011000 0
1080 60.142717 0.011000 0
1080 59.345646 0.011000 0
1080 61.024370 0.011000 0
1080 59.101934 0.011000 0
1080 60.839478 0.010000 0
1080 59.736489 0.010000 0
1080 59.763141 0.011000 0
1080 57.117208 0.011000 0
1080 62.272617 0.011000 0
1080 60.053954 0.010000 0
1080 59.922581 0.010000 0
1080 59.131097 0.010000 0
1080 61.967482 0.010000 0
1080 59.014985 0.010000 0
1080 61.027034 0.010000 0
1080 59.964444 0.010000 0
1080 58.972934 0.011000 0
1080 58.353027 0.011000 1
1080 62.551997 0.011000 0
1080 59.121152 0.011000 0
1080 59.940707 0.011000 1
1080 60.024832 0.011000 0
1080 59.958644 0.011000 0
1080 60.993034 0.011000 0
1080 60.056515 0.012000 1
1080 58.953083 0.012000 0
1080 60.976085 0.012000 0
1080 60.811509 0.012000 0
1080 59.335026 0.012000 0
1080 59.976735 0.010000 0
1080 59.000816 0.010000 0
1080 61.088435 0.012000 0
1080 58.695433 0.012000 0
1080 59.558488 0.012000 0
1080 60.697072 0.010000 0
1080 61.085578 0.010000 0
1080 59.192255 0.010000 0
1080 60.128376 0.010000 0
1080 60.853289 0.010000 0
1080 59.064327 0.010000 0
1080 61.285584 0.010000 0
1080 59.430352 0.010000 0
1080 58.971346 0.010000 0
1080 60.017286 0.010000 0
1080 59.979965 0.010000 0
1080 61.041448 0.010000 0
1080 59.997053 0.012000 0
1080 60.007497 0.012000 0
1080 59.915162 0.012000 0
1080 59.989559 0.010000 0
1080 59.714575 0.010000 0
1080 60.267405 0.012000 0
1080 60.634580 0.012000 0
1080 59.451034 0.012000 0
1080 60.870156 0.010000 0
1080 58.938649 0.010000 0
1080 59.646565 0.011000 0
1080 61.020266 0.011000 0
1080 59.448490 0.011000 0
1080 60.124756 0.013000 0
1080 59.918985 0.013000 0
1080 61.059541 0.010000 0
1080 58.989916 0.010000 0
1080 60.992918 0.010000 0
1080 58.959114 0.014000 0
1080 60.185692 0.014000 0
1080 59.847750 0.010000 0
1080 58.935827 0.010000 0
1080 61.076639 0.010000 0
1080 59.995737 0.012000 0
1080 60.008227 0.012000 0
1080 59.994236 0.011000 0
1080 60.002346 0.011000 0
1080 58.830328 0.011000 0
1080 60.133348 0.011000 0
1080 58.264114 0.011000 0
1080 61.870942 0.011000 0
1080 59.997654 0.011000 0
1080 60.935764 0.011000 0
1080 59.121043 0.010000 0
1080 60.775853 0.010000 0
1080 58.584589 0.010000 0
1080 60.431875 0.010000 0
1080 61.100601 0.010000 0
1080 60.134210 0.011000 0
1080 60.129411 0.011000 0
1080 59.712181 0.010000 0
1080 58.988861 0.010000 0
1080 60.310474 0.010000 0
1080 59.951202 0.011000 0
1080 60.046470 0.011000 0
1080 59.821262 0.010000 0
1080 60.286231 0.010000 0
1080 60.752258 0.010000 0
1080 59.217085 0.010000 0
1080 58.470265 0.010000 0
1080 61.599661 0.010000 0
1080 59.923950 0.010000 0
1080 61.580274 0.010000 0
1080 58.650027 0.014000 0
1080 59.125530 0.014000 0
1080 61.996778 0.010000 0
1080 58.806292 0.010000 0
1080 61.239035 0.010000 0
1080 58.962157 0.013000 0
1080 58.737507 0.013000 0
1080 60.313250 0.012000 0
1080 60.965508 0.012000 0
1080 59.714119 0.012000 0
1080 60.253356 0.010000 0
1080 59.917972 0.010000 0
1080 60.127112 0.011000 0
1080 59.991304 0.011000 0
1080 59.994350 0.011000 0
1080 59.998798 0.013000 0
1080 60.457670 0.013000 0
1080 59.624481 0.015000 0
1080 58.984573 0.015000 0
1080 60.768231 0.015000 0
1080 60.164610 0.010000 0
1080 59.165522 0.010000 0
1080 60.964346 0.010000 0
1080 59.993878 0.010000 0
1080 60.003963 0.010000 0
1080 60.004020 0.011000 0
1080 59.893687 0.011000 0
1080 60.109706 0.011000 0
1080 59.947346 0.011000 0
1080 59.041878 0.011000 0
1080 60.996088 0.011000 0
1080 60.007812 0.011000 0
1080 59.410453 0.010000 0
1080 59.784768 0.010000 0
1080 61.325525 0.010000 0
1080 59.495544 0.013000 0
1080 58.962717 0.013000 0
1080 61.000144 0.010000 0
1080 60.020664 0.010000 0
1080 59.964844 0.010000 0
1080 59.848406 0.012000 0
1080 60.185062 0.012000 0
1080 59.999228 0.012000 0
1080 60.003491 0.012000 0
1080 59.995079 0.012000 0
1080 59.994650 0.011000 0
1080 57.971072 0.011000 0
1080 62.031827 0.011000 0
1080 59.000464 0.011000 0
1080 60.941315 0.011000 0
1080 59.946718 0.010000 0
1080 59.729381 0.010000 0
1080 59.937851 0.010000 0
1080 59.882442 0.010000 0
1080 59.970803 0.010000 0
1080 59.942128 0.011000 0
1080 60.578925 0.011000 0
