1080 60.011876 0.009000 0
1080 59.037019 0.010000 0
1080 60.880047 0.010000 0
1080 59.966771 0.011000 0
1080 60.151260 0.011000 0
1080 60.031989 0.011000 0
1080 59.968945 0.011000 0
1080 60.037345 0.011000 0
1080 60.894882 0.010000 0
1080 59.163435 0.010000 0
1080 60.075133 0.010000 0
1080 59.888053 0.012000 0
1080 60.135905 0.012000 0
1080 60.031101 0.010000 0
1080 60.940720 0.010000 0
1080 58.938522 0.010000 0
1080 60.058981 0.010000 0
1080 59.985169 0.010000 0
1080 56.093708 0.012000 0
1080 63.475219 0.012000 0
1080 60.376362 0.012000 0
1080 58.891601 0.010000 0
1080 62.072842 0.010000 0
1080 58.914635 0.011000 0
1080 60.817629 0.011000 0
1080 56.400666 0.011000 0
1080 63.912580 0.009000 0
1080 59.982596 0.009000 0
1080 60.034810 0.009000 0
1080 59.049979 0.009000 0
1080 60.063209 0.009000 0
1080 60.141009 0.011000 0
1080 60.862488 0.011000 0
1080 59.867157 0.010000 0
1080 58.933048 0.010000 0
1080 61.149144 0.010000 0
1080 59.853830 0.010000 0
1080 60.016141 0.010000 0
1080 59.996281 0.010000 0
1080 59.437721 0.011000 0
1080 59.559080 0.011000 0
1080 60.309463 0.010000 0
1080 60.546976 0.010000 0
1080 59.914791 0.010000 0
1080 58.847056 0.009000 0
1080 60.081129 0.009000 0
1080 60.331830 0.010000 0
1080 60.849874 0.010000 0
1080 58.999353 0.010000 0
1080 60.134885 0.009000 0
1080 60.892659 0.009000 0
1080 57.229721 0.010000 0
1080 61.846427 0.010000 0
1080 58.039659 0.010000 0
1080 62.021574 0.012000 0
1080 59.957801 0.012000 0
1080 60.857820 0.010000 0
1080 59.308711 0.010000 0
1080 60.259222 0.010000 0
1080 59.749320 0.012000 0
1080 59.073844 0.012000 0
1080 60.730157 0.014000 0
1080 59.899436 0.014000 0
1080 60.194304 0.014000 0
1080 60.037345 0.010000 0
1080 59.973962 0.010000 0
1080 59.920726 0.009000 0
1080 60.107236 0.009000 0
1080 59.999342 0.009000 0
1080 59.997840 0.010000 0
1080 61.009760 0.010000 0
1080 59.988715 0.011000 0
1080 58.983786 0.011000 0
1080 59.971146 0.011000 0
1080 58.020487 0.010000 0
1080 62.023690 0.010000 0
1080 60.016928 0.011000 0
1080 59.992677 0.011000 0
1080 59.985198 0.011000 0
1080 61.021168 0.011000 0
1080 58.996990 0.011000 0
1080 60.005637 0.010000 0
1080 60.929328 0.010000 0
1080 60.044980 0.010000 0
1080 58.981874 0.010000 0
1080 61.029552 0.010000 0
1080 59.008610 0.010000 0
1080 56.955338 0.010000 0
1080 64.011339 0.010000 0
1080 60.028209 0.010000 0
1080 59.921568 0.010000 0
1080 59.951074 0.010000 0
1080 59.882628 0.010000 0
1080 59.067104 0.010000 0
1080 60.347426 0.010000 0
1080 60.637215 0.010000 0
1080 59.120657 0.010000 0
1080 61.181401 0.010000 0
1080 58.671845 0.010000 0
1080 61.194410 0.010000 0
1080 58.981016 0.010000 0
1080 60.884149 0.010000 0
1080 59.046400 0.010000 0
1080 60.069560 0.010000 0
1080 60.005165 0.010000 0
1080 60.996830 0.010000 0
1080 58.950302 0.010000 0
1080 61.043283 0.010000 0
1080 60.005751 0.010000 0
1080 58.871612 0.016000 0
1080 59.169384 0.016000 0
1080 58.515102 0.010000 0
1080 62.535103 0.010000 0
1080 60.008527 0.010000 0
1080 59.934386 0.012000 0
1080 60.952204 0.012000 0
1080 56.007892 0.010000 0
1080 61.501731 0.010000 0
1080 60.204255 0.010000 0
1080 32.250553 0.010000 656
1080 12.572813 0.010000 1167
720 21.009121 0.023000 991
720 4.995888 0.023000 941
720 22.021159 0.023000 767
720 40.998407 0.023000 126
720 59.983496 0.023000 0
720 59.806292 0.011000 0
720 60.225910 0.011000 0
720 59.960958 0.011000 0
720 59.994364 0.010000 0
720 59.985841 0.010000 0
1080 60.036214 0.010000 0
1080 59.965330 0.010000 0
1080 47.114400 0.010000 329
1080 17.226644 0.022000 624
1080 10.001939 0.022000 1111
1080 19.007301 0.019000 769
1080 8.974943 0.019000 887
1080 18.032640 0.019000 909
1080 45.091358 0.023000 323
1080 44.769975 0.023000 204
1080 31.849650 0.023000 449
720 15.987772 0.023000 740
720 23.016984 0.023000 369
720 41.839636 0.024000 142
720 59.923579 0.024000 0
720 60.155699 0.011000 0
720 60.084763 0.011000 0
720 60.732771 0.011000 0
720 59.671206 0.013000 0
720 59.208953 0.013000 0
720 59.879051 0.010000 0
1080 61.126985 0.010000 1
1080 59.201487 0.010000 0
1080 32.117488 0.024000 411
1080 19.962234 0.024000 269
1080 39.077992 0.018000 452
720 21.010775 0.018000 357
720 22.968950 0.018000 486
720 62.035734 0.010000 70
720 59.986385 0.010000 0
720 59.903553 0.009000 0
720 59.759465 0.009000 0
720 60.580158 0.009000 0
720 60.602701 0.011000 0
720 58.174219 0.011000 0
720 60.950098 0.010000 0
1080 59.866893 0.010000 0
1080 61.244112 0.010000 0
1080 58.250428 0.015000 1
1080 28.392497 0.015000 286
1080 39.292119 0.020000 318
1080 38.107382 0.020000 150
1080 61.159547 0.020000 13
1080 47.683091 0.022000 321
1080 41.459283 0.022000 187
1080 44.805685 0.024000 157
1080 40.508706 0.024000 334
1080 52.149150 0.024000 137
1080 36.329784 0.021000 258
1080 52.018628 0.021000 135
1080 44.192594 0.017000 263
1080 44.632189 0.017000 334
1080 40.987863 0.017000 158
1080 51.960036 0.019000 97
1080 48.080587 0.019000 195
1080 48.870643 0.025000 211
1080 50.023865 0.025000 203
1080 45.071213 0.025000 233
1080 42.904235 0.026000 139
1080 41.987357 0.026000 269
1080 58.149800 0.011000 54
1080 56.995325 0.011000 97
1080 46.486874 0.011000 206
1080 51.646896 0.011000 144
1080 34.195636 0.010000 196
1080 37.901151 0.010000 126
1080 30.942016 0.018000 223
1080 44.622270 0.018000 269
1080 47.063296 0.018000 221
1080 46.107456 0.018000 234
1080 38.835807 0.011000 197
1080 43.168400 0.011000 206
1080 49.143223 0.011000 177
1080 43.122458 0.011000 226
1080 39.458211 0.011000 257
1080 57.297258 0.014000 20
1080 58.563015 0.014000 29
1080 55.115664 0.013000 126
1080 60.837141 0.013000 0
1080 59.261601 0.013000 12
1080 52.858236 0.019000 32
1080 60.001259 0.019000 0
1080 50.090163 0.023000 71
1080 50.868242 0.023000 106
1080 60.848485 0.023000 0
1080 58.586044 0.021000 23
1080 54.727349 0.021000 89
1080 57.737242 0.017000 41
1080 61.020193 0.017000 0
1080 58.903983 0.017000 31
1080 53.247327 0.022000 63
1080 58.003720 0.022000 2
1080 62.971594 0.018000 49
1080 58.899286 0.018000 0
1080 60.131379 0.018000 0
1080 49.824179 0.012000 80
1080 60.443538 0.012000 1
1080 52.980282 0.012000 56
1080 60.234804 0.012000 1
1080 58.871413 0.012000 0
1080 59.798821 0.021000 25
1080 60.810824 0.021000 26
1080 60.093788 0.017000 0
1080 60.141999 0.017000 0
1080 59.934383 0.017000 0
1080 60.033622 0.021000 48
1080 59.885976 0.021000 0
1080 60.319321 0.011000 0
1080 57.739311 0.011000 3
1080 62.012456 0.011000 0
1080 60.042874 0.014000 3
1080 60.059697 0.014000 0
1080 60.096744 0.011000 0
1080 60.032848 0.011000 1
1080 60.734577 0.011000 0
1080 59.450751 0.013000 0
1080 58.955428 0.013000 0
1080 61.007244 0.012000 0
1080 59.873624 0.012000 3
1080 60.217076 0.012000 0
1080 59.939093 0.011000 0
1080 60.004506 0.011000 0
1080 59.783163 0.010000 0
1080 59.924550 0.010000 0
1080 60.202411 0.010000 0
1080 60.043161 0.010000 0
1080 58.114378 0.010000 3
1080 61.986064 0.012000 4
1080 60.008155 0.012000 0
1080 59.988243 0.012000 0
1080 59.260172 0.013000 0
1080 60.422909 0.013000 0
1080 59.258684 0.012000 0
1080 60.850236 0.012000 0
1080 60.023899 0.012000 0
1080 57.162740 0.010000 72
1080 61.741848 0.010000 65
1080 61.212828 0.011000 39
1080 59.664515 0.011000 0
1080 59.903310 0.011000 0
1080 60.280310 0.009000 1
1080 59.189466 0.009000 0
1080 61.627102 0.010000 0
1080 58.998228 0.010000 0
1080 58.556142 0.010000 0
1080 61.579398 0.010000 0
1080 59.943291 0.010000 0
1080 61.330704 0.010000 0
1080 58.817908 0.010000 0
1080 60.675380 0.010000 0
1080 60.316054 0.011000 0
1080 56.965883 0.011000 0
1080 61.679932 0.011000 0
1080 61.121097 0.011000 0
1080 59.282000 0.011000 0
1080 58.965613 0.010000 0
1080 60.976347 0.010000 0
1080 60.061446 0.012000 0
1080 60.192880 0.012000 0
1080 59.217953 0.012000 0
1080 60.482518 0.010000 0
1080 60.127830 0.010000 1
1080 60.046413 0.009000 0
1080 59.730860 0.009000 0
1080 59.326114 0.009000 0
1080 61.050799 0.010000 0
1080 59.985169 0.010000 0
1080 59.906134 0.011000 0
1080 59.767034 0.011000 9
1080 60.319321 0.011000 1
1080 58.995640 0.010000 26
1080 61.012699 0.010000 0
1080 59.754404 0.012000 0
1080 60.170226 0.012000 0
1080 60.004320 0.012000 0
1080 60.683180 0.009000 0
1080 59.064482 0.009000 1
1080 59.327138 0.011000 0
1080 60.618670 0.011000 0
1080 59.844224 0.011000 1
1080 60.489779 0.010000 0
1080 60.608099 0.010000 0
1080 59.923551 0.010000 1
1080 59.966419 0.010000 0
1080 59.896852 0.010000 0
1080 57.625412 0.027000 65
1080 57.941749 0.027000 49
1080 60.456979 0.023000 114
1080 60.663971 0.023000 134
1080 58.641764 0.023000 105
1080 64.357257 0.010000 22
1080 60.417761 0.010000 0
1080 59.583867 0.010000 0
1080 59.316537 0.010000 2
1080 61.410973 0.010000 0
1080 59.191155 0.011000 0
1080 59.007090 0.011000 0
1080 62.027403 0.010000 1
1080 58.754702 0.010000 0
1080 61.267988 0.010000 0
1080 58.796037 0.012000 0
1080 59.186904 0.012000 0
1080 60.848977 0.012000 0
1080 59.977092 0.012000 2
1080 60.996466 0.012000 0
1080 57.563418 0.012000 0
1080 62.343877 0.012000 0
1080 58.168202 0.010000 0
1080 60.933695 0.010000 0
1080 59.902597 0.010000 0
1080 60.626726 0.014000 19
1080 58.117876 0.014000 0
1080 62.052197 0.010000 0
1080 59.899375 0.010000 0
1080 60.302716 0.010000 0
1080 58.905693 0.012000 0
1080 60.105614 0.012000 1
1080 60.104279 0.009000 1
1080 59.724297 0.009000 0
1080 60.273164 0.009000 0
1080 60.045510 0.012000 0
1080 60.941881 0.012000 35
1080 58.813197 0.013000 0
1080 58.693506 0.013000 0
1080 61.168763 0.013000 0
1080 60.675812 0.010000 0
1080 59.570880 0.010000 1
1080 59.787750 0.013000 0
1080 61.304750 0.013000 0
1080 58.870435 0.013000 0
1080 60.189107 0.011000 1
1080 59.864893 0.011000 0
1080 60.148297 0.009000 0
1080 59.803080 0.009000 0
1080 58.972689 0.009000 0
1080 61.121661 0.013000 2
1080 59.261480 0.013000 0
1080 60.907295 0.010000 0
1080 59.901528 0.010000 0
1080 60.088809 0.010000 0
1080 60.109713 0.010000 0
1080 59.658051 0.010000 0
1080 60.684145 0.010000 0
1080 59.699829 0.010000 0
1080 59.875874 0.010000 0
1080 60.430141 0.011000 0
1080 59.884119 0.011000 0
1080 60.506376 0.010000 1
1080 58.934929 0.010000 0
1080 60.048462 0.010000 0
1080 61.023977 0.011000 0
1080 59.995079 0.011000 0
1080 59.006922 0.021000 3
1080 59.807472 0.021000 15
1080 59.170459 0.021000 50
1080 59.952587 0.018000 12
1080 61.998566 0.018000 5
1080 58.782741 0.015000 0
1080 61.261650 0.015000 0
1080 59.686182 0.015000 0
1080 60.203716 0.011000 0
1080 59.021305 0.011000 0
1080 60.038176 0.012000 1
1080 59.907275 0.012000 0
1080 60.892001 0.012000 2
1080 60.018876 0.014000 0
1080 60.099165 0.014000 0
1080 59.777270 0.014000 1
1080 60.033865 0.015000 0
1080 59.373425 0.015000 0
1080 59.000535 0.023000 0
1080 59.991003 0.023000 1
1080 44.938790 0.023000 295
1080 62.133962 0.015000 0
1080 60.092611 0.015000 0
1080 59.813855 0.012000 0
1080 59.986256 0.012000 0
1080 60.005293 0.012000 1
1080 60.021795 0.015000 0
1080 59.918728 0.015000 0
1080 60.061159 0.009000 0
1080 59.001758 0.009000 0
1080 61.053859 0.009000 0
1080 59.914263 0.010000 0
1080 61.046822 0.010000 0
1080 58.945472 0.014000 0
1080 59.886988 0.014000 0
1080 59.168818 0.014000 0
1080 58.886588 0.010000 1
1080 62.360842 0.010000 0
1080 59.606602 0.010000 0
1080 60.834407 0.010000 1
1080 59.055982 0.010000 0
1080 60.279373 0.010000 0
1080 59.211474 0.010000 0
1080 60.260203 0.011000 0
1080 60.772648 0.011000 0
1080 60.411587 0.011000 0
1080 60.027135 0.013000 0
1080 59.516847 0.013000 0
1080 59.897693 0.011000 0
1080 60.015654 0.011000 1
1080 60.010802 0.011000 0
1080 55.999493 0.024000 158
1080 61.901767 0.024000 52
1080 62.032508 0.013000 0
1080 58.840424 0.013000 34
1080 62.123438 0.013000 26
1080 59.993106 0.011000 0
1080 59.903667 0.011000 0
1080 50.022815 0.013000 29
1080 61.092185 0.013000 1
1080 60.064026 0.013000 0
1080 50.002098 0.018000 117
1080 59.967616 0.018000 0
1080 60.010688 0.013000 0
1080 60.029111 0.013000 82
1080 59.797112 0.013000 15
1080 60.161595 0.013000 0
1080 60.890031 0.013000 0
1080 58.999831 0.011000 0
1080 60.141151 0.011000 32
1080 59.834020 0.011000 24
1080 42.904408 0.026000 235
1080 60.264547 0.026000 0
1080 58.984615 0.015000 0
1080 61.913012 0.015000 4
1080 59.019531 0.015000 0
1080 60.033264 0.012000 0
1080 60.018302 0.012000 1
1080 60.067754 0.010000 0
1080 60.009057 0.010000 0
1080 60.016155 0.010000 0
1080 59.994536 0.015000 0
1080 60.005165 0.015000 1
1080 60.001674 0.011000 0
1080 61.004276 0.011000 0
1080 58.993389 0.011000 0
1080 59.966002 0.010000 0
1080 60.023999 0.010000 0
1080 60.003605 0.010000 0
1080 60.724530 0.010000 0
1080 59.636463 0.010000 0
1080 60.108428 0.016000 0
1080 59.893031 0.016000 0
1080 59.565067 0.010000 1
1080 59.255441 0.010000 0
1080 61.310793 0.010000 0
1080 60.518585 0.011000 0
1080 59.610171 0.011000 0
1080 59.024796 0.018000 0
1080 61.020732 0.018000 0
1080 59.870860 0.018000 0
1080 60.212869 0.015000 2
1080 52.505552 0.015000 92
1080 55.875056 0.020000 50
1080 59.354459 0.020000 27
1080 61.087430 0.020000 63
1080 61.103989 0.021000 13
1080 59.770242 0.021000 0
1080 60.553154 0.013000 1
1080 60.012376 0.013000 0
1080 59.488569 0.013000 0
1080 60.291329 0.012000 0
1080 59.921082 0.012000 1
1080 59.716167 0.010000 0
1080 60.616162 0.010000 0
1080 59.132510 0.010000 1
1080 60.958187 0.011000 1
1080 59.958387 0.011000 0
