1080 60.003348 0.009000 0
1080 60.001631 0.010000 0
1080 60.001974 0.010000 1
1080 59.987700 0.009000 0
1080 60.013035 0.009000 0
1080 60.001731 0.009000 2
1080 59.987300 0.009000 0
1080 60.007368 0.009000 0
1080 59.990775 0.008000 2
1080 60.014809 0.008000 0
1080 54.998020 0.008000 0
1080 65.957400 0.009000 0
1080 59.030921 0.009000 2
1080 59.947003 0.009000 0
1080 60.013035 0.009000 0
1080 59.984168 0.009000 0
1080 60.006409 0.010000 0
1080 60.029240 0.010000 2
1080 59.939350 0.009000 0
1080 59.968074 0.009000 0
1080 60.000858 0.009000 0
1080 57.081043 0.012000 0
1080 62.805324 0.012000 0
1080 60.195082 0.010000 0
1080 59.995981 0.010000 2
1080 60.025087 0.010000 0
1080 59.935396 0.009000 0
1080 60.043820 0.009000 1
1080 59.989016 0.010000 0
1080 60.007998 0.010000 0
1080 59.011565 0.010000 0
1080 60.982364 0.009000 0
1080 60.044937 0.009000 0
1080 59.977142 0.011000 0
1080 59.973304 0.011000 0
1080 60.999273 0.011000 0
1080 58.972751 0.011000 0
1080 59.594280 0.011000 2
1080 60.450231 0.009000 0
1080 60.009615 0.009000 0
1080 60.058608 0.009000 0
1080 59.979022 0.009000 0
1080 59.083548 0.009000 0
1080 61.649517 0.009000 2
1080 59.393050 0.009000 0
1080 57.816679 0.009000 0
1080 63.022358 0.009000 0
1080 59.990403 0.009000 0
1080 59.003658 0.011000 3
1080 60.001259 0.011000 0
1080 61.001164 0.011000 0
1080 58.968929 0.009000 2
1080 61.027092 0.009000 0
1080 59.987171 0.009000 0
1080 59.012494 0.009000 0
1080 60.002947 0.009000 0
1080 55.908479 0.009000 0
1080 64.040797 0.009000 0
1080 60.054466 0.010000 0
1080 59.995308 0.010000 0
1080 60.996830 0.010000 3
1080 58.949207 0.010000 0
1080 60.067625 0.010000 0
1080 60.001445 0.009000 0
1080 58.882454 0.009000 0
1080 62.106020 0.009000 0
1080 59.983454 0.010000 0
1080 55.943607 0.010000 0
1080 63.042491 0.009000 3
1080 59.914620 0.009000 0
1080 61.081246 0.009000 3
1080 58.957254 0.009000 0
1080 60.080919 0.009000 0
1080 59.006331 0.011000 0
1080 59.911981 0.011000 0
1080 59.030217 0.011000 0
1080 62.015379 0.012000 0
1080 60.858993 0.012000 0
1080 59.305906 0.010000 0
1080 59.991475 0.010000 0
1080 58.868909 0.010000 0
1080 62.092326 0.009000 0
1080 60.131776 0.009000 0
1080 59.972532 0.009000 0
1080 58.699330 0.009000 0
1080 60.263854 0.009000 0
1080 59.951016 0.009000 0
1080 59.955744 0.009000 0
1080 60.041284 0.009000 0
1080 60.057360 0.009000 3
1080 60.005694 0.009000 0
1080 60.006438 0.011000 1
1080 59.998684 0.011000 0
1080 60.002031 0.009000 2
1080 60.816724 0.009000 0
1080 60.131796 0.009000 0
1080 59.112210 0.009000 0
1080 61.025389 0.009000 0
1080 60.001316 0.010000 0
1080 59.831086 0.010000 0
1080 59.882457 0.010000 0
1080 60.262219 0.011000 1
1080 58.997707 0.011000 0
1080 60.839311 0.010000 1
1080 60.150739 0.010000 2
1080 60.010030 0.010000 0
1080 60.001316 0.009000 0
1080 50.985061 0.009000 74
1080 45.803491 0.010000 196
1080 59.997768 0.010000 0
1080 54.975110 0.010000 48
1080 59.991947 0.009000 1
1080 53.992173 0.009000 82
1080 32.994163 0.018000 423
1080 39.992077 0.018000 174
720 31.995011 0.018000 260
720 33.997041 0.011000 423
720 19.655768 0.011000 424
720 40.554701 0.012000 224
720 60.124827 0.012000 0
720 59.778591 0.012000 0
720 59.771037 0.008000 0
720 59.857759 0.008000 1
720 60.286986 0.017000 0
720 59.987471 0.017000 0
1080 59.972475 0.017000 0
1080 60.875075 0.013000 1
1080 59.305954 0.013000 0
1080 49.583207 0.012000 80
1080 67.344538 0.012000 0
1080 60.599318 0.012000 4
1080 59.674080 0.010000 0
1080 59.563883 0.010000 0
1080 56.321590 0.010000 60
1080 62.228916 0.019000 229
1080 59.665703 0.019000 35
1080 59.324138 0.011000 1
1080 60.989996 0.011000 0
1080 59.948988 0.011000 2
1080 51.278134 0.011000 89
1080 56.667188 0.011000 83
1080 58.197572 0.019000 43
1080 62.833116 0.019000 0
1080 53.414798 0.018000 109
1080 61.135292 0.018000 0
1080 59.628451 0.018000 0
1080 59.975648 0.011000 0
1080 61.017501 0.011000 2
1080 55.008262 0.017000 32
1080 46.900804 0.017000 53
1080 62.107132 0.017000 0
1080 60.023527 0.011000 2
1080 59.995995 0.011000 0
1080 60.975359 0.011000 3
1080 52.026110 0.011000 46
1080 43.996224 0.011000 174
1080 51.180326 0.012000 48
1080 54.927057 0.012000 55
1080 59.003362 0.012000 0
1080 59.790790 0.009000 0
1080 60.971842 0.009000 0
1080 59.267717 0.010000 0
1080 60.479087 0.010000 0
1080 59.594280 0.010000 0
1080 57.248790 0.011000 34
1080 60.595395 0.011000 49
1080 50.797213 0.011000 306
1080 58.820242 0.016000 21
1080 63.521905 0.016000 9
1080 59.452909 0.016000 14
1080 60.833438 0.014000 0
1080 59.768510 0.014000 4
1080 59.175935 0.012000 0
1080 61.055505 0.012000 6
1080 59.122917 0.012000 8
1080 59.903610 0.013000 16
1080 59.224280 0.013000 14
1080 60.964287 0.017000 13
1080 60.115291 0.017000 1
1080 59.877669 0.017000 0
1080 60.946251 0.010000 11
1080 58.170324 0.010000 0
1080 60.895002 0.011000 2
1080 60.980373 0.011000 0
1080 58.990507 0.011000 0
1080 59.878268 0.010000 9
1080 61.141049 0.010000 12
1080 58.033484 0.010000 3
1080 53.970366 0.010000 12
1080 61.019655 0.010000 0
1080 58.905160 0.010000 0
1080 61.394041 0.010000 0
1080 57.717228 0.010000 0
1080 61.998950 0.010000 4
1080 59.977506 0.010000 0
1080 59.006148 0.011000 0
1080 61.029348 0.011000 0
1080 59.999628 0.012000 0
1080 58.982900 0.012000 11
1080 61.021241 0.012000 22
1080 58.853452 0.017000 10
1080 61.104616 0.017000 41
1080 60.035369 0.009000 0
1080 59.475173 0.009000 1
1080 60.699894 0.009000 0
1080 58.029192 0.010000 0
1080 62.005544 0.010000 0
1080 59.699634 0.011000 0
1080 59.364385 0.011000 0
1080 60.668445 0.011000 0
1080 60.004750 0.010000 0
1080 43.011865 0.010000 110
1080 47.000426 0.022000 46
1080 40.990735 0.022000 189
1080 49.913015 0.022000 95
1080 43.804596 0.020000 119
1080 51.276790 0.020000 101
1080 52.001339 0.011000 236
1080 60.972627 0.011000 9
1080 53.903626 0.011000 72
1080 54.119444 0.013000 26
1080 56.977599 0.013000 12
1080 52.019670 0.017000 46
1080 59.980751 0.017000 0
1080 59.918743 0.017000 11
1080 60.523707 0.012000 0
1080 60.580295 0.012000 0
1080 59.499624 0.011000 0
1080 60.228793 0.011000 0
1080 60.672013 0.011000 0
1080 59.065567 0.009000 0
1080 59.770317 0.009000 0
1080 60.923292 0.010000 0
1080 59.348711 0.010000 0
1080 60.296577 0.010000 0
1080 60.188761 0.011000 0
1080 59.984097 0.011000 17
1080 59.005430 0.011000 0
1080 61.024108 0.011000 0
1080 60.003419 0.011000 0
1080 58.974635 0.012000 1
1080 61.006283 0.012000 0
1080 59.988058 0.011000 0
1080 58.850177 0.011000 0
1080 61.001511 0.011000 0
1080 60.095194 0.011000 10
1080 59.176118 0.011000 1
1080 51.920820 0.016000 84
1080 65.768860 0.016000 8
1080 55.224992 0.016000 189
1080 55.887155 0.011000 73
1080 59.875650 0.011000 0
1080 51.994769 0.009000 14
1080 60.120045 0.009000 16
1080 59.794555 0.009000 29
1080 59.951916 0.011000 21
1080 60.037388 0.011000 45
1080 61.008305 0.011000 0
1080 60.004750 0.011000 25
1080 58.995091 0.011000 6
1080 51.582963 0.012000 36
1080 67.316755 0.012000 0
1080 43.204714 0.017000 67
1080 66.023313 0.017000 24
1080 65.002263 0.017000 49
1080 51.999950 0.016000 46
1080 54.996696 0.016000 83
1080 57.896501 0.012000 9
1080 56.079674 0.012000 55
1080 65.020540 0.012000 10
1080 57.883785 0.019000 17
1080 60.073160 0.019000 12
1080 61.028140 0.010000 0
1080 60.923481 0.010000 0
1080 57.897176 0.010000 0
1080 62.169791 0.009000 0
1080 59.983082 0.009000 0
1080 59.022529 0.014000 12
1080 59.998341 0.014000 17
1080 59.792978 0.014000 34
1080 56.166707 0.018000 238
1080 54.047730 0.018000 86
1080 53.992444 0.017000 85
1080 59.967788 0.017000 78
1080 60.011890 0.017000 0
1080 60.045625 0.012000 1
1080 59.895911 0.012000 0
1080 60.101753 0.013000 0
1080 59.943234 0.013000 2
1080 60.046786 0.013000 0
1080 59.933698 0.009000 1
1080 60.067338 0.009000 1
1080 60.015482 0.011000 0
1080 58.921584 0.011000 2
1080 60.071539 0.011000 0
1080 61.004756 0.011000 0
1080 60.001445 0.011000 0
1080 59.993878 0.010000 0
1080 60.004864 0.010000 0
1080 59.997954 0.010000 0
1080 59.728181 0.009000 0
1080 60.269223 0.009000 0
1080 60.008942 0.009000 1
1080 59.778221 0.009000 0
1080 60.103145 0.009000 0
1080 59.085368 0.010000 2
1080 60.986899 0.010000 0
1080 58.958603 0.013000 0
1080 61.088582 0.013000 3
1080 59.999757 0.013000 0
1080 59.988372 0.010000 0
1080 60.006295 0.010000 0
1080 59.939151 0.009000 0
1080 60.030672 0.009000 0
1080 54.462466 0.009000 25
1080 63.664467 0.017000 182
1080 60.000715 0.017000 74
1080 51.967253 0.010000 108
1080 59.840892 0.010000 0
1080 60.182587 0.010000 0
1080 57.882215 0.009000 0
1080 62.128351 0.009000 6
1080 60.985373 0.009000 0
1080 59.010749 0.009000 0
1080 59.980909 0.009000 0
1080 61.024709 0.010000 0
1080 58.949066 0.010000 0
1080 60.886916 0.010000 0
1080 60.123964 0.010000 0
1080 58.941400 0.010000 0
1080 60.520446 0.010000 0
1080 60.449258 0.010000 0
1080 60.248460 0.013000 0
1080 59.792637 0.013000 0
1080 59.509163 0.013000 11
1080 59.476243 0.018000 8
1080 59.909046 0.018000 14
1080 60.221244 0.010000 12
1080 59.079780 0.010000 1
1080 61.189112 0.010000 0
1080 59.742332 0.010000 0
1080 59.805534 0.010000 1
1080 60.231285 0.010000 0
1080 58.991744 0.010000 0
1080 60.981404 0.010000 0
1080 58.023891 0.009000 2
1080 52.262006 0.009000 159
1080 47.085183 0.018000 187
1080 54.207216 0.018000 84
1080 48.200188 0.018000 96
1080 49.029165 0.014000 132
1080 50.231366 0.014000 183
1080 60.120907 0.012000 0
1080 60.376570 0.012000 0
1080 59.745688 0.012000 0
1080 59.185489 0.009000 21
1080 54.460074 0.009000 53
1080 58.873853 0.009000 0
1080 61.375926 0.009000 2
1080 58.196277 0.009000 0
1080 60.680229 0.010000 0
1080 60.101983 0.010000 2
1080 61.188293 0.009000 1
1080 59.775012 0.009000 0
1080 58.621934 0.009000 0
1080 58.982773 0.009000 0
1080 60.968544 0.009000 0
1080 60.923365 0.010000 0
1080 60.109692 0.010000 18
1080 59.983339 0.010000 25
1080 57.032049 0.020000 193
1080 63.983860 0.020000 5
1080 58.930775 0.009000 4
1080 60.027965 0.009000 0
1080 61.020077 0.009000 0
1080 59.032230 0.009000 0
1080 59.980923 0.009000 0
1080 59.985355 0.011000 0
1080 59.913964 0.011000 0
1080 59.001772 0.011000 3
1080 61.039366 0.009000 4
1080 60.049794 0.009000 13
1080 59.993277 0.010000 0
1080 59.034526 0.010000 4
1080 60.992206 0.010000 58
1080 59.902483 0.010000 0
1080 60.092726 0.010000 0
1080 59.975877 0.009000 0
1080 60.019332 0.009000 0
1080 59.933997 0.009000 0
1080 60.055441 0.012000 0
1080 59.026556 0.012000 0
1080 60.999156 0.009000 0
1080 59.985670 0.009000 0
1080 49.826890 0.009000 35
1080 58.163968 0.015000 0
1080 62.061880 0.015000 0
1080 60.000358 0.013000 0
1080 59.992863 0.013000 0
1080 54.010585 0.013000 72
1080 47.001311 0.013000 146
1080 51.947326 0.013000 32
1080 58.558853 0.019000 42
1080 61.863347 0.019000 18
1080 58.162216 0.019000 16
1080 51.812702 0.018000 128
1080 55.951709 0.018000 153
1080 61.002792 0.011000 0
1080 60.139900 0.011000 3
1080 59.046104 0.011000 21
1080 59.790151 0.015000 16
1080 61.356909 0.015000 2
1080 58.908680 0.010000 0
1080 61.035288 0.010000 2
1080 59.159963 0.010000 4
1080 59.695623 0.016000 4
1080 59.296887 0.016000 47
1080 59.700778 0.016000 8
1080 61.260242 0.014000 0
1080 59.709631 0.014000 13
1080 59.237299 0.014000 6
1080 60.863423 0.014000 14
1080 60.074967 0.014000 1
1080 60.058092 0.010000 13
1080 51.546183 0.010000 18
1080 57.744037 0.017000 21
1080 61.821197 0.017000 2
1080 60.917838 0.017000 3
1080 59.204958 0.014000 10
1080 52.982997 0.014000 57
1080 50.741472 0.010000 46
1080 61.134197 0.010000 0
1080 58.307559 0.010000 45
1080 61.388139 0.010000 5
1080 52.891790 0.010000 34
1080 52.529498 0.009000 15
1080 49.197185 0.009000 83
1080 56.752952 0.009000 80
1080 59.177406 0.011000 2
1080 59.669126 0.011000 0
1080 60.416228 0.011000 0
1080 60.252268 0.011000 0
1080 59.831129 0.011000 0
1080 60.227164 0.011000 1
1080 59.762208 0.011000 0
1080 59.952816 0.010000 0
1080 60.017586 0.010000 0
1080 59.966773 0.012000 0
1080 60.038548 0.012000 0
1080 59.777923 0.012000 1
1080 60.221197 0.011000 0
1080 59.995795 0.011000 3
1080 59.790790 0.011000 0
1080 60.192562 0.011000 0
1080 58.111115 0.011000 0
1080 61.199812 0.012000 0
1080 60.593731 0.012000 0
1080 60.092238 0.009000 1
1080 59.951202 0.009000 0
1080 60.072500 0.009000 2
1080 59.959887 0.010000 0
1080 59.957487 0.010000 0
1080 60.027192 0.010000 0
1080 60.051528 0.012000 1
1080 60.001617 0.012000 0
1080 59.992562 0.011000 1
1080 59.747041 0.011000 0
1080 59.213869 0.011000 18
1080 59.022192 0.012000 62
1080 58.960387 0.012000 50
1080 62.019341 0.018000 115
1080 53.905127 0.018000 85
1080 59.976847 0.018000 1
1080 59.005578 0.013000 0
1080 60.857818 0.013000 0
1080 60.339106 0.011000 0
1080 59.939279 0.011000 0
1080 59.985598 0.011000 5
1080 58.954501 0.010000 0
1080 61.134732 0.010000 0
1080 60.021078 0.010000 2
1080 59.031709 0.010000 0
1080 59.582682 0.010000 0
1080 61.714774 0.011000 1
1080 60.340660 0.011000 1
1080 59.163414 0.010000 0
1080 57.922870 0.010000 0
1080 61.209054 0.010000 0
1080 61.268721 0.011000 0
1080 59.604816 0.011000 0
1080 60.166566 0.012000 1
1080 59.985369 0.012000 0
1080 60.065173 0.012000 0
1080 59.917616 0.011000 2
1080 61.017865 0.011000 0
1080 59.071362 0.010000 0
1080 60.830835 0.010000 0
1080 59.089219 0.010000 0
1080 59.031343 0.011000 1
1080 60.947645 0.011000 0
1080 59.024852 0.012000 0
