1080 60.529623 0.009000 0
1080 60.646487 0.009000 0
1080 56.464394 0.010000 0
1080 62.827043 0.010000 0
1080 59.906191 0.012000 0
1080 60.423611 0.012000 0
1080 58.929343 0.012000 0
1080 60.472470 0.012000 0
1080 59.249270 0.012000 0
1080 58.966849 0.010000 0
1080 62.086314 0.010000 0
1080 60.509664 0.010000 0
1080 59.390590 0.011000 0
1080 59.102188 0.011000 0
1080 58.057707 0.013000 0
1080 62.699545 0.013000 0
1080 60.254807 0.013000 0
1080 57.856005 0.011000 0
1080 62.220768 0.011000 0
1080 60.080560 0.010000 0
1080 58.770623 0.010000 0
1080 60.391813 0.010000 0
1080 59.919760 0.009000 0
1080 58.930536 0.009000 0
1080 61.772618 0.011000 0
1080 60.141798 0.011000 0
1080 60.041370 0.011000 0
1080 60.179708 0.011000 0
1080 59.996824 0.011000 0
1080 58.984235 0.010000 0
1080 60.179104 0.010000 0
1080 60.977248 0.010000 0
1080 59.810116 0.010000 0
1080 59.990288 0.010000 0
1080 60.002818 0.010000 0
1080 59.826624 0.010000 0
1080 60.188632 0.010000 0
1080 60.008456 0.010000 0
1080 59.981466 0.010000 0
1080 59.013634 0.010000 0
1080 61.001222 0.010000 0
1080 58.660301 0.010000 0
1080 61.358690 0.010000 0
1080 59.998140 0.010000 0
1080 59.986985 0.010000 0
1080 59.998741 0.010000 0
1080 60.004692 0.010000 0
1080 59.995666 0.011000 0
1080 59.752275 0.011000 0
1080 60.244768 0.009000 0
1080 59.995737 0.009000 0
1080 58.990971 0.009000 0
1080 60.710236 0.010000 0
1080 60.121869 0.010000 0
1080 57.007870 0.010000 0
1080 63.166836 0.010000 0
1080 59.856933 0.010000 0
1080 58.021469 0.010000 0
1080 62.119505 0.010000 0
1080 60.030557 0.010000 0
1080 59.835159 0.010000 0
1080 59.957444 0.010000 0
1080 58.966779 0.010000 0
1080 61.083518 0.010000 0
1080 60.501984 0.009000 0
1080 57.428205 0.009000 0
1080 61.380112 0.009000 0
1080 60.753776 0.010000 0
1080 60.087073 0.010000 0
1080 59.959872 0.009000 0
1080 60.228158 0.009000 0
1080 59.810318 0.009000 0
1080 60.033550 0.015000 0
1080 60.171233 0.015000 0
1080 59.602282 0.010000 0
1080 56.326196 0.010000 0
1080 64.092403 0.010000 0
1080 59.375978 0.010000 0
1080 60.337225 0.010000 0
1080 60.149515 0.010000 0
1080 59.739410 0.010000 0
1080 60.055447 0.010000 0
1080 59.995682 0.010000 0
1080 59.015928 0.010000 0
1080 60.321013 0.009000 0
1080 61.083930 0.009000 0
1080 59.867955 0.009000 0
1080 60.087890 0.009000 0
1080 60.139282 0.009000 0
1080 59.071122 0.010000 0
1080 60.385431 0.010000 0
1080 60.198177 0.010000 0
1080 60.018975 0.015000 0
1080 60.006180 0.015000 0
1080 60.012119 0.009000 0
1080 59.861532 0.009000 0
1080 58.123986 0.009000 0
1080 60.990112 0.010000 0
1080 61.005673 0.010000 0
1080 60.002704 0.010000 0
1080 60.164486 0.010000 0
1080 59.322545 0.010000 0
1080 60.840411 0.010000 0
1080 59.199689 0.010000 0
1080 59.583034 0.010000 0
1080 60.880005 0.010000 0
1080 60.019018 0.010000 0
1080 59.994965 0.010000 0
1080 60.000715 0.010000 0
1080 58.818956 0.010000 0
1080 60.150207 0.010000 0
1080 59.887402 0.010000 0
1080 61.085388 0.011000 0
1080 60.005766 0.011000 0
1080 59.970689 0.011000 0
1080 58.999465 0.011000 0
1080 60.956706 0.011000 0
1080 59.079993 0.011000 0
1080 16.005892 0.011000 399
1080 28.996142 0.018000 90
1080 58.986555 0.018000 0
720 21.664650 0.018000 755
720 19.949587 0.012000 559
720 61.276929 0.012000 0
720 59.560218 0.015000 0
720 41.569292 0.015000 113
720 47.096083 0.015000 23
720 49.973669 0.036000 29
720 62.653266 0.036000 16
720 59.482572 0.010000 0
720 52.494939 0.010000 59
720 57.331522 0.010000 19
1080 52.026433 0.036000 234
1080 2.026884 0.036000 905
1080 32.359649 0.035000 583
1080 12.506144 0.035000 781
1080 13.002561 0.035000 695
720 18.000652 0.032000 824
1080 1.999150 0.032000 750
1080 9.998708 0.032000 612
1080 29.022959 0.036000 566
1080 23.983338 0.036000 607
1080 1.997138 0.036000 756
720 19.018695 0.033000 651
720 41.947694 0.033000 316
720 61.205091 0.014000 0
720 55.177753 0.014000 30
720 37.996123 0.014000 158
720 67.279896 0.015000 8
720 59.690200 0.015000 0
720 58.750141 0.016000 0
720 60.129468 0.016000 0
720 60.138435 0.016000 0
1080 51.673170 0.016000 64
1080 28.998230 0.016000 508
1080 17.042933 0.016000 709
1080 32.002945 0.016000 453
1080 14.074002 0.016000 578
720 23.020252 0.016000 648
720 40.797806 0.035000 252
720 50.972025 0.035000 104
720 54.603250 0.010000 44
720 58.692913 0.010000 0
720 52.923850 0.010000 61
720 59.545015 0.015000 0
720 60.080374 0.015000 0
720 58.769593 0.021000 0
720 35.801085 0.021000 99
1080 55.558360 0.021000 40
1080 14.903931 0.031000 391
1080 27.168336 0.031000 330
1080 23.196236 0.029000 358
1080 18.021212 0.029000 454
1080 18.110764 0.029000 523
1080 5.727809 0.011000 597
1080 28.002270 0.011000 325
1080 22.967659 0.028000 242
1080 25.030190 0.028000 370
1080 30.004679 0.028000 236
720 13.994305 0.028000 553
720 31.994630 0.032000 305
720 54.008099 0.032000 12
720 36.990078 0.034000 74
720 54.758032 0.034000 54
720 42.013013 0.034000 109
720 51.065611 0.032000 99
720 53.328944 0.032000 73
720 51.196079 0.011000 67
720 51.998227 0.011000 34
720 51.906886 0.011000 37
720 49.286525 0.011000 71
720 40.215965 0.028000 93
720 37.981463 0.028000 72
720 34.818111 0.020000 36
720 33.086853 0.020000 69
1080 13.150879 0.020000 371
1080 16.081872 0.032000 280
1080 28.004066 0.032000 199
1080 21.159238 0.012000 391
720 19.015351 0.012000 298
720 22.284277 0.012000 289
720 36.703688 0.023000 84
720 46.267767 0.023000 80
720 52.951983 0.014000 97
720 31.870794 0.014000 132
720 52.597256 0.014000 43
720 59.613634 0.017000 0
720 60.838476 0.017000 0
720 59.999642 0.010000 0
720 59.980265 0.010000 0
720 58.946651 0.010000 0
720 60.023412 0.011000 0
720 60.350776 0.011000 0
720 60.256502 0.010000 0
1080 59.989534 0.010000 0
720 54.041604 0.010000 37
720 47.361011 0.027000 154
720 60.198177 0.027000 0
720 59.669480 0.016000 0
720 60.210319 0.016000 0
720 60.519742 0.016000 0
720 59.321068 0.017000 0
720 61.094027 0.017000 0
720 59.587379 0.011000 0
720 59.407933 0.011000 0
720 60.198595 0.011000 0
720 59.969060 0.011000 0
720 53.226519 0.011000 77
720 58.083870 0.019000 2
720 36.665601 0.019000 58
720 54.968298 0.019000 63
720 48.969294 0.021000 34
720 51.896672 0.021000 43
720 53.269222 0.011000 21
720 50.911415 0.011000 69
720 54.933889 0.011000 14
720 32.946397 0.028000 110
720 48.284284 0.028000 60
720 44.394275 0.016000 77
720 54.769265 0.016000 4
720 35.021927 0.016000 42
720 46.829810 0.035000 88
720 50.182566 0.035000 65
720 45.983544 0.017000 115
720 59.996824 0.017000 0
720 60.845108 0.017000 0
720 52.769975 0.014000 90
720 61.896394 0.014000 143
720 60.035354 0.011000 0
720 59.500623 0.011000 0
720 60.030493 0.011000 0
720 47.967864 0.010000 59
720 33.965729 0.010000 92
720 51.804284 0.023000 69
720 50.475794 0.023000 62
720 58.820830 0.023000 0
720 61.576890 0.015000 0
720 60.932095 0.015000 0
720 59.876074 0.014000 0
720 57.626616 0.014000 0
720 60.850226 0.014000 0
720 50.662764 0.023000 48
720 49.934438 0.023000 62
720 59.819812 0.011000 0
720 60.257491 0.011000 5
720 58.783732 0.011000 0
720 57.741997 0.011000 24
720 23.347305 0.032000 52
720 49.260454 0.032000 50
720 48.655606 0.033000 79
720 45.765765 0.033000 66
720 42.982267 0.033000 112
720 51.576389 0.025000 78
720 50.034596 0.025000 76
720 49.017647 0.011000 112
720 50.016707 0.011000 28
720 50.958922 0.011000 41
720 32.486794 0.029000 77
720 44.986496 0.029000 175
720 53.849325 0.027000 18
720 48.315942 0.027000 78
720 50.647354 0.027000 66
720 38.212143 0.012000 81
720 53.272210 0.012000 0
720 52.588189 0.020000 49
720 48.092865 0.020000 110
720 56.015692 0.020000 52
720 60.088549 0.010000 0
720 59.862257 0.010000 0
720 61.011230 0.010000 0
720 60.031273 0.010000 0
720 59.085079 0.010000 0
720 47.967638 0.034000 72
720 43.897927 0.034000 87
720 66.576237 0.011000 0
720 52.270271 0.011000 54
720 57.643021 0.011000 43
720 56.069474 0.019000 6
720 62.683790 0.019000 0
720 50.876530 0.010000 88
720 47.408164 0.010000 90
720 52.693310 0.010000 73
720 48.722485 0.012000 70
720 48.344594 0.012000 51
720 41.245488 0.021000 52
720 53.539724 0.021000 92
720 48.007486 0.021000 85
720 45.966848 0.030000 62
720 18.001459 0.030000 166
720 47.918496 0.034000 65
720 34.078104 0.034000 89
720 48.648236 0.034000 42
720 47.326114 0.024000 62
720 56.937542 0.024000 15
720 58.825877 0.018000 0
720 59.772374 0.018000 0
720 61.361703 0.018000 0
720 59.938208 0.013000 0
720 58.825139 0.013000 0
720 60.148489 0.012000 0
720 60.172255 0.012000 0
720 59.690695 0.012000 0
720 51.256275 0.030000 53
720 43.629282 0.030000 90
720 62.423986 0.021000 1
720 59.259200 0.021000 0
720 59.947975 0.021000 0
720 59.977263 0.011000 0
720 59.981338 0.011000 0
720 60.003720 0.009000 0
720 59.622385 0.009000 0
720 55.133209 0.009000 114
720 51.411689 0.029000 43
720 46.969950 0.029000 98
720 45.083992 0.012000 6
720 60.911254 0.012000 0
720 58.129670 0.012000 0
720 62.091977 0.016000 0
720 58.103991 0.016000 2
720 56.923727 0.030000 99
720 64.121972 0.030000 41
720 57.708739 0.030000 59
720 60.031648 0.032000 60
720 63.085356 0.032000 97
720 60.009414 0.012000 0
720 59.275967 0.012000 0
720 59.343939 0.012000 0
720 61.315781 0.019000 0
720 60.001521 0.019000 0
720 59.809846 0.010000 0
720 60.147907 0.010000 0
720 60.044135 0.010000 0
720 60.580870 0.014000 0
720 58.797448 0.014000 0
720 59.957931 0.011000 0
720 60.373209 0.011000 0
720 58.856728 0.011000 0
720 51.494995 0.029000 46
720 53.971009 0.029000 37
720 60.114703 0.011000 0
720 59.659000 0.011000 0
720 46.273686 0.011000 84
720 45.766004 0.024000 84
720 48.992746 0.024000 145
720 42.049666 0.022000 98
720 49.854631 0.022000 49
720 32.673808 0.022000 79
720 51.883216 0.031000 67
720 50.179840 0.031000 42
720 58.233988 0.019000 1
720 51.744798 0.019000 103
720 61.280740 0.019000 0
720 48.912444 0.030000 105
720 49.081961 0.030000 71
720 54.883110 0.013000 91
720 60.015405 0.013000 0
720 59.967656 0.013000 0
720 58.995545 0.013000 0
720 60.588708 0.013000 0
720 59.503281 0.020000 0
720 59.986971 0.020000 0
720 60.030987 0.020000 0
720 60.038362 0.014000 0
720 61.006894 0.014000 0
720 58.902398 0.009000 0
720 61.070487 0.009000 0
720 59.393126 0.009000 0
720 61.211834 0.019000 0
720 59.967291 0.019000 0
720 58.661010 0.009000 0
720 60.608946 0.009000 0
720 60.119083 0.009000 0
720 61.019538 0.010000 0
720 57.981269 0.010000 0
720 59.889810 0.014000 0
720 48.007818 0.014000 50
720 61.177422 0.014000 3
720 49.006419 0.022000 76
720 51.097310 0.022000 23
720 44.174579 0.032000 82
720 43.138990 0.032000 126
720 43.782793 0.032000 98
720 53.359329 0.027000 33
720 50.516753 0.027000 71
720 52.985965 0.010000 82
720 49.014853 0.010000 96
720 52.528012 0.010000 45
720 59.382532 0.014000 0
720 59.895612 0.014000 0
720 61.098298 0.013000 0
720 58.624725 0.013000 0
720 60.059875 0.013000 0
720 52.089144 0.032000 31
720 56.902456 0.032000 27
720 61.011477 0.017000 0
720 61.287674 0.017000 0
720 57.886509 0.017000 0
720 50.997349 0.027000 37
720 49.999249 0.027000 48
720 45.033907 0.032000 100
720 49.989107 0.032000 91
720 58.002379 0.032000 39
720 59.996581 0.013000 0
720 57.996115 0.013000 0
720 50.761424 0.029000 78
720 52.169695 0.029000 58
720 59.319024 0.029000 0
720 33.525151 0.036000 106
720 45.299980 0.036000 54
720 39.007291 0.011000 67
720 43.781536 0.011000 37
720 55.135515 0.011000 68
720 41.321524 0.012000 48
720 42.985519 0.012000 108
720 35.522856 0.029000 46
720 48.847597 0.029000 115
720 49.721714 0.029000 67
720 42.947819 0.013000 21
720 47.106391 0.013000 67
720 50.177931 0.030000 48
720 39.022822 0.030000 169
720 65.125845 0.030000 0
720 47.550219 0.013000 93
720 57.195889 0.013000 78
720 38.963028 0.021000 91
720 45.985374 0.021000 133
720 50.606925 0.021000 41
720 42.967743 0.031000 137
720 48.688204 0.031000 25
720 45.772692 0.013000 61
720 50.130385 0.013000 76
720 43.148266 0.013000 82
720 65.038358 0.020000 0
720 37.757879 0.020000 110
720 49.242508 0.020000 126
720 52.415709 0.020000 78
720 36.205174 0.020000 55
720 33.957657 0.010000 68
720 50.111523 0.010000 42
720 53.052087 0.010000 55
720 51.881981 0.029000 72
720 34.074424 0.029000 62
720 50.956312 0.014000 31
720 49.962382 0.014000 117
720 39.052411 0.014000 85
720 36.926628 0.025000 63
720 37.053951 0.025000 76
720 48.387409 0.016000 45
720 36.125033 0.016000 137
720 45.439276 0.016000 16
720 52.285367 0.031000 62
720 48.350611 0.031000 22
720 43.418111 0.031000 83
720 49.069036 0.031000 49
720 49.951993 0.031000 30
720 49.046997 0.021000 83
720 50.087023 0.021000 43
720 50.854661 0.024000 27
720 48.569713 0.024000 66
720 53.413147 0.024000 54
720 57.944615 0.029000 51
720 32.565606 0.029000 110
720 49.758273 0.023000 38
720 50.998723 0.023000 56
720 46.966228 0.023000 65
720 57.052723 0.035000 64
720 42.991226 0.035000 132
720 49.030791 0.032000 88
720 54.021393 0.032000 62
720 51.970943 0.032000 106
720 51.920306 0.019000 48
720 45.027246 0.019000 122
720 41.014678 0.025000 121
720 32.912193 0.025000 140
720 35.109011 0.025000 87
720 49.014268 0.015000 67
720 48.019875 0.015000 122
720 48.717390 0.030000 55
720 51.219063 0.030000 47
720 52.882064 0.030000 56
720 30.843968 0.030000 97
