1590060564.039530039 0.401405235 84 
1590060564.137428284 0.097898183 84 
1590060564.637383223 0.499954938 84 
1590060564.871104240 0.233720933 72 
1590060565.039332151 0.168227893 84 
1590060565.137388468 0.098056369 84 
1590060565.451071262 0.313682812 72 
1590060565.638126850 0.187055595 84 
1590060566.039413929 0.401287117 84 
1590060566.137538433 0.098124395 84 
1590060566.638068199 0.500529863 84 
1590060567.039564371 0.401496166 84 
1590060567.137589693 0.098025205 84 
1590060567.373073816 0.235484201 72 
1590060567.637366772 0.264292965 84 
1590060567.953030348 0.315663581 72 
1590060568.039521933 0.086491509 84 
1590060568.137267113 0.097745371 84 
1590060568.637975216 0.500707941 84 
1590060569.039544821 0.401569657 84 
1590060569.137490273 0.097945464 84 
1590060569.638111115 0.500620891 84 
1590060569.878087044 0.239975909 72 
1590060570.039321423 0.161234403 84 
1590060570.137859583 0.098538068 84 
1590060570.458052158 0.320192542 72 
1590060570.637973309 0.179921255 84 
1590060571.039507627 0.401534275 84 
1590060571.138117075 0.098609332 84 
1590060571.637746334 0.499629420 84 
1590060572.039494514 0.401748164 84 
1590060572.138024330 0.098529781 84 
1590060572.381147861 0.243123529 72 
1590060572.637382030 0.256234115 84 
1590060572.959043264 0.321661248 72 
1590060573.039517403 0.080474094 84 
1590060573.137718201 0.098200903 84 
1590060573.638114214 0.500396074 84 
1590060574.039508104 0.401393812 84 
1590060574.137905121 0.098397018 84 
1590060574.637277126 0.499371968 84 
1590060574.884167671 0.246890533 72 
1590060575.039373398 0.155205781 84 
1590060575.138246298 0.098872888 84 
1590060575.461050749 0.322804434 72 
1590060575.638106585 0.177055885 84 
1590060576.039479017 0.401372316 84 
1590060576.137222528 0.097743601 84 
1590060576.638027191 0.500804750 84 
1590060577.039540291 0.401512929 84 
1590060577.138154268 0.098613960 84 
1590060577.386103392 0.247949122 72 
1590060577.638326168 0.252222817 84 
1590060577.964086294 0.325760072 72 
1590060578.039488077 0.075401828 84 
1590060578.137462854 0.097974852 84 
1590060578.638163567 0.500700785 84 
1590060579.039544106 0.401380373 84 
1590060579.138139009 0.098595049 84 
1590060579.638108492 0.499969541 84 
1590060579.887145042 0.249036341 72 
1590060580.039385796 0.152240837 84 
1590060580.138175249 0.098789413 84 
1590060580.466053486 0.327878328 72 
1590060580.638179302 0.172125802 84 
1590060581.039470434 0.401291157 84 
1590060581.138141155 0.098670771 84 
1590060581.638150930 0.500009564 84 
1590060582.039480209 0.401329388 84 
1590060582.138154268 0.098674028 84 
1590060582.391145945 0.252991647 72 
1590060582.638115644 0.246969843 84 
1590060582.969063282 0.330947610 72 
1590060583.039630413 0.070567147 84 
1590060583.138139009 0.098508534 84 
1590060583.638168335 0.500029309 84 
1590060584.039510012 0.401341617 84 
1590060584.138152599 0.098642626 84 
1590060584.638027906 0.499875407 84 
1590060584.893086195 0.255058303 72 
1590060585.039322853 0.146236626 84 
1590060585.138162136 0.098839145 84 
1590060585.471069336 0.332907370 72 
1590060585.638164043 0.167094509 84 
1590060586.039794683 0.401630822 84 
1590060586.138118982 0.098324256 84 
1590060586.637642622 0.499523528 84 
1590060587.039644003 0.402001540 84 
1590060587.138249159 0.098605095 84 
1590060587.396141529 0.257892396 72 
1590060587.638190269 0.242048817 84 
1590060587.973046303 0.334855929 72 
1590060588.039485216 0.066438918 84 
1590060588.138162136 0.098676997 84 
1590060588.638162851 0.500000594 84 
1590060589.039452314 0.401289411 84 
1590060589.138057947 0.098605785 84 
1590060589.638142586 0.500084581 84 
1590060589.898149967 0.260007316 72 
1590060590.039353132 0.141203245 84 
1590060590.138100147 0.098746932 84 
1590060590.477105618 0.339005470 72 
1590060590.637870312 0.160764635 84 
1590060591.039504290 0.401634032 84 
1590060591.137992382 0.098488176 84 
1590060591.638159037 0.500166620 84 
1590060592.039915562 0.401756462 84 
1590060592.138016701 0.098101176 84 
1590060592.401112318 0.263095611 72 
1590060592.637193918 0.236081662 84 
1590060592.979140759 0.341946725 72 
1590060593.039452791 0.060312213 84 
1590060593.138156414 0.098703545 84 
1590060593.637861252 0.499704879 84 
1590060594.039483309 0.401622013 84 
