1586959104.970105648 0.279696287 72 
1586959105.189792395 0.219686707 72 
1586959105.197195053 0.007402561 104 
1586959105.689542055 0.492346982 72 
1586959105.970352888 0.280810787 72 
1586959106.189500809 0.219148022 72 
1586959106.689738512 0.500237790 72 
1586959106.972215176 0.282476538 72 
1586959106.987112522 0.014897484 108 
1586959107.189860582 0.202747987 72 
1586959107.689814091 0.499953518 72 
1586959107.702336311 0.012522215 104 
1586959107.971469641 0.269133374 72 
1586959108.189420938 0.217951287 72 
1586959108.689353228 0.499932191 72 
1586959108.970431089 0.281077893 72 
1586959109.189752102 0.219320992 72 
1586959109.488744259 0.298992263 108 
1586959109.689689636 0.200945304 72 
1586959109.970691681 0.281002095 72 
1586959110.189740419 0.219048616 72 
1586959110.202925920 0.013185552 104 
1586959110.689538717 0.486612729 72 
1586959110.971107960 0.281569201 72 
1586959111.189484835 0.218377024 72 
1586959111.695154667 0.505669872 72 
1586959111.972237349 0.277082572 72 
1586959111.992446661 0.020209418 108 
1586959112.190700769 0.198253971 72 
1586959112.689584970 0.498884230 72 
1586959112.709622860 0.020037904 104 
1586959112.970457792 0.260835065 72 
1586959113.189569235 0.219111445 72 
1586959113.689645290 0.500075861 72 
1586959113.971096516 0.281451417 72 
1586959114.189826250 0.218729531 72 
1586959114.495765924 0.305939716 108 
1586959114.689813852 0.194048074 72 
1586959114.970029593 0.280215702 72 
1586959115.189288139 0.219258489 72 
1586959115.211872101 0.022583886 104 
1586959115.689826012 0.477954004 72 
1586959115.970452785 0.280626635 72 
1586959116.189576864 0.219124237 72 
1586959116.690188885 0.500612066 72 
1586959116.976937532 0.286748510 72 
1586959117.003195524 0.026257998 108 
1586959117.189294577 0.186099060 72 
1586959117.689717531 0.500422971 72 
1586959117.716751814 0.027034321 104 
1586959117.970433712 0.253681856 72 
1586959118.189386368 0.218952621 72 
1586959118.689632416 0.500246198 72 
1586959118.970455170 0.280822550 72 
1586959119.189413309 0.218958366 72 
1586959119.504077196 0.314663860 108 
1586959119.689466715 0.185389531 72 
1586959119.969963551 0.280496744 72 
1586959120.189614534 0.219650922 72 
1586959120.217725039 0.028110649 104 
1586959120.689732552 0.472007324 72 
1586959120.972022772 0.282290399 72 
1586959121.191148520 0.219125693 72 
1586959121.690184832 0.499036394 72 
1586959121.970516920 0.280331927 72 
1586959122.005038977 0.034522154 108 
1586959122.190389633 0.185350534 72 
1586959122.690452099 0.500062631 72 
1586959122.718847513 0.028395285 104 
1586959122.970442057 0.251594592 72 
1586959123.191139936 0.220697875 72 
1586959123.691025496 0.499885601 72 
1586959123.970844984 0.279819410 72 
1586959124.190883160 0.220038195 72 
1586959124.507340670 0.316457549 108 
1586959124.690493345 0.183152663 72 
1586959124.970243692 0.279750260 72 
1586959125.190071344 0.219827828 72 
1586959125.223913908 0.033842482 104 
1586959125.689524174 0.465610141 72 
1586959125.970504999 0.280980900 72 
1586959126.189734697 0.219229740 72 
1586959126.690215349 0.500480539 72 
1586959126.970585823 0.280370629 72 
1586959127.009042501 0.038456726 108 
1586959127.189925909 0.180883314 72 
1586959127.689687967 0.499762014 72 
1586959127.725239277 0.035551319 104 
1586959127.970527649 0.245288434 72 
1586959128.189393997 0.218866358 72 
1586959128.689481497 0.500087387 72 
1586959128.970482588 0.281001145 72 
1586959129.189982653 0.219500175 72 
1586959129.510557890 0.320575154 108 
1586959129.690308094 0.179750180 72 
1586959129.970266104 0.279958125 72 
1586959130.190871716 0.220605591 72 
1586959130.227201462 0.036329729 104 
1586959130.689177990 0.461976521 72 
1586959130.971694946 0.282516843 72 
1586959131.189590454 0.217895529 72 
1586959131.690464973 0.500874625 72 
1586959131.971225977 0.280760879 72 
1586959132.013043165 0.041817228 108 
1586959132.199425459 0.186382285 72 
1586959132.690554619 0.491129108 72 
1586959132.729232073 0.038677433 104 
1586959132.971657276 0.242425307 72 
1586959133.190507650 0.218850351 72 
1586959133.689622164 0.499114509 72 
1586959133.970656157 0.281034009 72 
1586959134.189574718 0.218918454 72 
1586959134.522479534 0.332905014 108 
1586959134.689349174 0.166869494 72 
1586959134.970867395 0.281518226 72 
1586959135.189753294 0.218885939 72 
1586959135.232470751 0.042717514 104 
