1587135706.728963852 0.458537014 104 
1587135706.771193266 0.042229273 72 
1587135707.159749269 0.388555987 72 
1587135707.271138430 0.111389343 72 
1587135707.770177364 0.499038894 72 
1587135708.105895996 0.335718645 108 
1587135708.159429073 0.053533111 72 
1587135708.271356821 0.111927551 72 
1587135708.769892693 0.498536010 72 
1587135709.160200357 0.390307535 72 
1587135709.229949951 0.069749765 104 
1587135709.270508766 0.040558730 72 
1587135709.770873070 0.500364285 72 
1587135710.159808159 0.388935108 72 
1587135710.270099163 0.110291064 72 
1587135710.608167171 0.338068030 108 
1587135710.769839764 0.161672466 72 
1587135711.160027742 0.390187949 72 
1587135711.269957781 0.109930130 72 
1587135711.731088400 0.461130475 104 
1587135711.770004034 0.038915741 72 
1587135712.160063028 0.390058963 72 
1587135712.270938158 0.110875142 72 
1587135712.770424604 0.499486542 72 
1587135713.109587431 0.339162655 108 
1587135713.159664631 0.050077390 72 
1587135713.272060394 0.112395593 72 
1587135713.771076441 0.499016223 72 
1587135714.160539389 0.389462893 72 
1587135714.233386755 0.072847246 104 
1587135714.270304918 0.036918244 72 
1587135714.770291567 0.499986714 72 
1587135715.159827709 0.389536142 72 
1587135715.269783735 0.109955852 72 
1587135715.610768318 0.340984744 108 
1587135715.770042419 0.159274085 72 
1587135716.159955502 0.389912935 72 
1587135716.269962311 0.110006832 72 
1587135716.736288071 0.466325965 104 
1587135716.769999504 0.033711337 72 
1587135717.159874678 0.389875176 72 
1587135717.269920826 0.110046236 72 
1587135717.770797729 0.500876690 72 
1587135718.111681223 0.340883661 108 
1587135718.159499645 0.047818457 72 
1587135718.274560928 0.115061107 72 
1587135718.771425247 0.496864387 72 
1587135719.159855604 0.388430307 72 
1587135719.237111807 0.077256323 104 
1587135719.271069527 0.033957706 72 
1587135719.770907402 0.499837856 72 
1587135720.159840584 0.388933167 72 
1587135720.271029472 0.111188863 72 
1587135720.613039255 0.342009769 108 
1587135720.770890236 0.157851041 72 
1587135721.159949064 0.389058781 72 
1587135721.271722317 0.111773189 72 
1587135721.741105080 0.469382929 104 
1587135721.771033049 0.029927800 72 
1587135722.159837723 0.388804636 72 
1587135722.270925999 0.111088308 72 
1587135722.770941734 0.500015885 72 
1587135723.114380598 0.343438780 108 
1587135723.159500837 0.045120158 72 
1587135723.270823479 0.111322664 72 
1587135723.770175457 0.499352003 72 
1587135724.159893990 0.389718525 72 
1587135724.241890192 0.081996365 104 
1587135724.270790577 0.028900364 72 
1587135724.770972252 0.500181526 72 
1587135725.159947634 0.388975338 72 
1587135725.270939112 0.110991614 72 
1587135725.615944862 0.345005638 108 
1587135725.770876169 0.154931405 72 
1587135726.159892559 0.389016335 72 
1587135726.270900965 0.111008408 72 
1587135726.743571520 0.472670539 104 
1587135726.770929337 0.027357988 72 
1587135727.160631180 0.389701687 72 
1587135727.271078587 0.110447564 72 
1587135727.770871401 0.499792790 72 
1587135728.117137194 0.346265739 108 
1587135728.161993504 0.044856196 72 
1587135728.270875454 0.108882086 72 
1587135728.771492958 0.500617358 72 
1587135729.161152840 0.389660068 72 
1587135729.246295214 0.085142319 104 
1587135729.271252394 0.024957233 72 
1587135729.770997047 0.499744544 72 
1587135730.160624504 0.389627408 72 
1587135730.271107912 0.110483505 72 
1587135730.619619131 0.348511268 108 
1587135730.771018505 0.151399403 72 
1587135731.161092997 0.390074293 72 
1587135731.270999908 0.109907065 72 
1587135731.755118608 0.484118629 104 
1587135731.770888567 0.015770035 72 
1587135732.160783529 0.389894944 72 
1587135732.270945311 0.110161611 72 
1587135732.770891428 0.499946230 72 
1587135733.122960806 0.352069272 108 
1587135733.160096407 0.037135749 72 
1587135733.270778179 0.110681739 72 
1587135733.770841599 0.500063472 72 
1587135734.160779953 0.389938346 72 
1587135734.257504225 0.096724334 104 
1587135734.271162987 0.013658755 72 
1587135734.770956039 0.499792977 72 
1587135735.160007715 0.389051604 72 
1587135735.276024103 0.116016534 72 
1587135735.623894215 0.347870036 108 
1587135735.771792889 0.147898628 72 
1587135736.160079956 0.388287034 72 
1587135736.274159908 0.114080085 72 
1587135736.760780096 0.486620040 104 
